| Run on Wed Nov 27 18:50:47 2024
idecomp = 1: Per-residue decomp adding 1-4 interactions to Internal.
Energy Decomposition Analysis (All units kcal/mol): Poisson Boltzmann model

DELTAS:
Total Energy Decomposition:
Residue,Internal,,,van der Waals,,,Electrostatic,,,Polar Solvation,,,Non-Polar Solv.,,,TOTAL,,
,Avg.,Std. Dev.,Std. Err. of Mean,Avg.,Std. Dev.,Std. Err. of Mean,Avg.,Std. Dev.,Std. Err. of Mean,Avg.,Std. Dev.,Std. Err. of Mean,Avg.,Std. Dev.,Std. Err. of Mean,Avg.,Std. Dev.,Std. Err. of Mean
R:A:HISE:1,0.0,4.123387169922442,0.33555648899279567,-0.07278807947019862,2.1656444433890316,0.17623764538318853,6.618211920529802,6.690382347877525,0.5444555939469021,-6.297079470198676,4.850664148591017,0.3947414501498402,0.0,0.0,0.0,0.24834437086092667,9.485910407097476,0.7719524410233156
R:A:GLU:4,0.0,4.031372961981849,0.32806847894629326,-2.8257152317880796,1.795383671568484,0.14610625109886222,-8.141178807947021,6.952581822042323,0.5657930845440201,10.39550331125828,5.528628595471053,0.4499134143826548,0.0,0.0,0.0,-0.5713907284768213,9.91864399127152,0.8071678006756671
R:A:VAL:5,0.0,4.188561493847995,0.3408603002546785,-1.8599072847682119,0.9421452400963732,0.07667069228766116,0.0629933774834437,2.259179550557252,0.18384942445353067,0.7734701986754966,0.9570731445354911,0.07788550792228044,0.0,0.0,0.0,-1.0234437086092714,4.944852504052019,0.4024063898123201
R:A:VAL:6,0.0,4.70195226971777,0.3826394490789179,-2.332456953642384,1.2650528518409683,0.10294854105637215,-4.5365298013245035,2.9002820413520993,0.2360216052433597,4.010344370860928,0.8984567632902274,0.07311537446704786,0.0,0.0,0.0,-2.858642384105959,5.7382553393471865,0.46697259686427234
R:A:ARG:7,0.0,6.036421496869923,0.49123701464308694,-2.3102450331125826,1.6572131506513614,0.13486209357238688,-34.034940397350994,6.982152050993319,0.5681994756483743,33.011264900662255,6.260672011768837,0.5094862627329096,0.0,0.0,0.0,-3.333920529801322,11.275247279625447,0.91756661059501
R:A:HISE:8,0.0,4.239356774127361,0.34499396153981793,-3.8083377483443708,1.7193520211832158,0.1399188831403767,-10.468218543046358,3.3239767098696396,0.2705013883716043,9.688794701986756,1.4018137008068008,0.11407798110638616,0.0,0.0,0.0,-4.587761589403973,5.825995198299756,0.47411276532325336
R:A:CYS:9,0.0,4.818978132933473,0.392162878765185,-0.4393311258278145,1.9549103056969213,0.15908834447089537,18.68284105960265,8.777087802400057,0.7142692755214285,-17.174145695364242,6.739251243284935,0.5484324882544467,0.0,0.0,0.0,1.0693642384105968,12.226978455864245,0.9950173953025935
R:B:GLN:43,0.0,3.8266444525394054,0.311407909129725,-0.6338609271523179,1.413129108436541,0.11499881591992353,2.12905298013245,5.160759088407473,0.4199766184644371,-1.9385761589403976,4.220847831486072,0.3434877251492641,0.0,0.0,0.0,-0.44338410596026484,7.8159537120176354,0.6360532925129554
R:B:ARG:44,0.0,5.73899257421129,0.46703259218665344,-0.5100397350993378,1.6970606173883096,0.1381048344265665,10.691231788079472,8.258530135637214,0.6720696510795382,-9.912821192052979,5.824375225846752,0.47398093383467516,0.0,0.0,0.0,0.26837086092715423,11.744901756874262,0.9557865499145388
R:B:PRO:57,0.0,3.255776482124801,0.2649513325491729,-0.21,0.9658471688437256,0.07859952789418233,-0.13947019867549637,2.496823310442344,0.20318859936287792,0.12889403973509933,1.7303983656480815,0.14081782190408854,0.0,0.0,0.0,-0.22057615894039698,4.556462048840768,0.37079962281754075
R:B:GLU:58,0.0,3.80834503477086,0.3099187236314976,-1.2487615894039739,1.2785357875017853,0.10404576679948485,-18.246298013245035,7.851343576515623,0.6389332788415492,19.074026490066224,7.9146342035792125,0.6440837970268231,0.0,0.0,0.0,-0.4210331125827809,11.850028531473912,0.9643416455022421
R:B:ASP:61,0.0,4.9953645359365595,0.4065170006699921,-0.922251655629139,1.9036959816391872,0.15492058188670035,-31.08770860927152,9.837278898074588,0.8005464032966169,29.696092715231792,7.436193466184389,0.605148841997036,0.0,0.0,0.0,-2.3138675496688745,13.440489374365386,1.0937715133094952
R:B:GLY:62,0.0,2.808531724297223,0.22855507033257438,-0.3429470198675496,0.8132520745752927,0.06618151523610755,0.4178476821192055,1.794657046039314,0.1460471191519135,-0.5418476821192053,0.7144870511347284,0.05814413161548812,0.0,0.0,0.0,-0.4669470198675498,3.5043565803614656,0.28518049405169277
R:B:THR:64,0.0,4.172029005897668,0.3395149054658036,-0.7638609271523178,1.372310673316064,0.11167705877930917,1.1466092715231784,3.1519355036744825,0.2565008735681355,-0.773635761589404,0.851645488852324,0.06930592697925435,0.0,0.0,0.0,-0.39088741721854353,5.472573441092855,0.4453517106138935
R:B:ARG:65,0.0,5.4621145985207376,0.4445005820761641,-4.688112582781457,1.9569239186008138,0.1592522099650574,6.825953642384106,6.909783673282464,0.5623102205922657,-2.9081655629139074,4.709150311638261,0.38322521742298254,0.0,0.0,0.0,-0.7703245033112586,10.17769395195832,0.8282489875008712
R:B:LYS:66,0.0,4.917724842505457,0.40019877202431586,-0.4365562913907286,1.3353321555386672,0.10866778968033822,7.422072847682117,6.497924205902876,0.5287935724733511,-6.9082119205298005,5.228316721412102,0.4254743806685436,0.0,0.0,0.0,0.0773046357615871,9.773711900668383,0.7953733944118263
R:B:LYS:68,0.0,4.418335444485356,0.35955903917017235,-0.9510397350993379,1.4271077820681244,0.11613638424695466,-15.126543046357616,13.392050003687215,1.0898295732286918,17.547721854304633,13.228043878245472,1.0764829440234653,0.0,0.0,0.0,1.4701390728476824,19.38779185125736,1.5777561249610772
R:B:ALA:69,0.0,3.0511909616223267,0.24830239900751253,-1.1275231788079467,0.8829371002928518,0.07185240220391964,-0.39550331125827853,2.023544575644586,0.16467372214685475,0.7071920529801324,0.6560838088992986,0.05339134316688721,0.0,0.0,0.0,-0.8158344370860935,3.8228945605757643,0.31110274724956
R:B:HISE:70,0.0,4.157069309203841,0.33829750261418823,-0.2828145695364238,1.341988599459362,0.10920948340425012,0.2706225165562915,2.913400172444526,0.2370891436117261,-0.1093112582781457,2.1286257197864042,0.17322510438056277,0.0,0.0,0.0,-0.12150331125827787,5.665783852419661,0.4610749508991118
R:B:GLN:72,0.0,4.071680304115917,0.3313486439295378,-2.304880794701987,1.2621652112120039,0.10271354819467915,-5.579000000000001,2.925371190253149,0.23806333122496623,6.8799801324503305,1.9307412635467198,0.15712149571475661,0.0,0.0,0.0,-1.003900662251656,5.518804213490856,0.4491139175156505
R:B:THR:73,0.0,4.267289674561067,0.3472671087391134,-1.6585298013245033,1.2188051115402618,0.09918495332627607,-0.19097350993377477,3.337231562773911,0.2715800530032249,1.5672582781456954,0.9688871696131092,0.07884691964826031,0.0,0.0,0.0,-0.2822450331125825,5.636586193570313,0.45869887911963814
R:B:ARG:75,0.0,5.8153508781702286,0.4732465428359659,-0.7219205298013245,1.6792041968197027,0.13665169952919684,6.952715231788081,17.70364152389102,1.4407019150364373,-5.854615894039735,13.227082030312703,1.0764046699487873,0.0,0.0,0.0,0.37617880794702097,22.913154623794423,1.8646460786882928
R:B:VAL:76,0.0,4.130515458562417,0.33613658089539583,-2.0818874172185433,1.277296488951445,0.10394491411376097,0.6174701986754965,3.1906410247555463,0.25965068420278486,-0.6435562913907286,1.070712026532456,0.08713330898595921,0.0,0.0,0.0,-2.107973509933775,5.478983360690663,0.4458733424729282
R:B:THR:80,0.0,4.370531055282454,0.3556687731489797,-0.4245364238410596,1.3012588493961839,0.10589494335124527,0.588960264900662,4.462738655673902,0.36317252124993404,-0.3493377483443707,1.1488635293458516,0.09349318808847552,0.0,0.0,0.0,-0.18491390728476842,6.483111908352913,0.5275881647939468
R:B:TYR:84,0.0,4.744034847386541,0.3860640806811365,-0.1923973509933775,1.6233701710483233,0.13210799095124884,0.39515894039735067,2.9054913360805763,0.2364455316361969,-0.434523178807947,0.9307380420062323,0.07574238767239384,0.0,0.0,0.0,-0.23176158940397423,5.869356911310147,0.4776414914832937
R:B:HISE:145,0.0,4.649403387514435,0.378363081693078,-0.5878741721854305,1.0972683594045383,0.08929443270581779,-0.8489403973509937,2.8341899503884145,0.23064310715912967,1.2367814569536422,2.526830050588448,0.2056305132445024,0.0,0.0,0.0,-0.20003311258278197,6.10233172580945,0.4966007130056822
R:B:LYS:146,0.0,4.901881823978795,0.3989094854614063,-2.5289470198675494,1.6769320924690156,0.13646679829942557,-30.79643046357616,7.3235595515956105,0.5959828240211795,29.903384105960264,5.813476269213172,0.47309398932256974,0.0,0.0,0.0,-3.421993377483443,10.689788468322384,0.8699226482225786
R:B:TRP:147,0.0,5.299982731298614,0.4313064778417259,-0.4160927152317879,1.1104493534552509,0.0903670867891779,-1.571940397350993,2.0133263745331433,0.16384217673346527,1.2729271523178807,0.8481356548519717,0.06902030073908541,0.0,0.0,0.0,-0.7151059602648999,5.839155067137253,0.4751837002611431
R:B:GLU:148,0.0,4.05607385859198,0.33007860940455575,-0.15851655629139072,1.4337328663389584,0.11667552595875376,1.6299006622516556,12.011230228047348,0.9774600535228213,-1.6734834437086095,11.225041557681108,0.9134809268867523,0.0,0.0,0.0,-0.2020993377483449,16.99348506461226,1.3829102019881527
R:B:ALA:149,0.0,3.0638193192797867,0.24933008017900005,-1.322298013245033,0.731432812387361,0.05952315810873651,-2.093615894039735,2.0439024951057685,0.16633042613706506,2.4638543046357615,1.3282021600417475,0.10808755887568985,0.0,0.0,0.0,-0.9520596026490064,3.9829186744984,0.3241253249530922
R:B:ALA:150,0.0,2.7738496406695488,0.22573268239434066,-1.6712251655629136,0.7842149207227112,0.06381850516802821,-1.5055430463576163,2.1339051467026127,0.1736547380498964,1.9372185430463575,1.3963086546781072,0.1136299868059328,0.0,0.0,0.0,-1.2395496688741723,3.8486963903612343,0.3132024703790193
R:B:HISE:151,0.0,4.244184918350867,0.34538687034445514,-0.46943046357615903,1.1844761776981443,0.09639130431001268,-0.6982649006622511,2.2260323922804788,0.18115194696886078,0.7089668874172187,1.8164153042998832,0.14781778109745486,0.0,0.0,0.0,-0.4587284768211914,5.260292216775429,0.4280765095775602
R:B:VAL:152,0.0,3.7490335200149745,0.3050920210134401,-0.6057880794701987,1.227647829037585,0.09990456347062561,-0.9825430463576161,2.5367266796197074,0.20643588949314023,1.1963178807947017,0.49745615619962547,0.04048240786599184,0.0,0.0,0.0,-0.39201324503311247,4.716441073603263,0.3838185312172592
R:B:GLN:155,0.0,4.333599347857351,0.35266331342245355,-1.6631192052980135,1.0927909595673928,0.0889300670745405,-1.7290794701986756,3.250425679591569,0.26451589041450213,3.184344370860927,2.7259832280044263,0.2218373689753752,0.0,0.0,0.0,-0.20785430463576174,6.16202296709219,0.501458317330244
L:C:VAL:29,0.0,3.724786339113893,0.3031188134159364,-0.1516423841059603,1.341660012270925,0.10918274335808509,-1.515807947019867,2.475542819348438,0.2014568175579576,1.126278145695364,1.14836407260229,0.09345254287511894,0.0,0.0,0.0,-0.5411721854304636,4.808444359067455,0.39130565240523796
L:C:TYR:30,0.0,4.56350691030272,0.3713729255126786,-3.6243311258278146,1.4630033286716744,0.11905752240167979,-7.825642384105961,3.062580401775104,0.24922925850233202,8.898900662251656,1.5550472897971779,0.1265479537280314,0.0,0.0,0.0,-2.5510728476821196,5.896061808608148,0.47981470520467195
L:C:ALA:31,0.0,3.0665271674254564,0.24955044173590513,-0.786748344370861,0.8624425461376312,0.07018457904000175,-3.724735099337748,3.4191531639161212,0.27824673835658337,2.63058940397351,1.9306907605917927,0.15711738584257126,0.0,0.0,0.0,-1.8808940397351,5.056240815595999,0.41147104204996976
L:C:SER:32,0.0,3.914204241734906,0.3185334237196984,-0.4002781456953643,1.3123595910577988,0.10679830889604751,-1.0836622516556293,3.530189128728485,0.2872827170238656,1.366503311258278,1.3951094768327612,0.11353239909687712,0.0,0.0,0.0,-0.1174370860927154,5.608194743337492,0.45638841566691357
L:C:GLY:33,0.0,3.4016616380699403,0.2768232981705914,-0.13470198675496686,0.8138182666497755,0.06622759129367373,0.07144370860927123,2.5839767156011684,0.21028104288896374,0.01939735099337748,0.41882773126842093,0.03408371739195496,0.0,0.0,0.0,-0.04386092715231824,4.368747464239375,0.35552362656837716
L:C:TYR:52,0.0,4.2530152184849435,0.3461054699781148,-1.5475099337748344,1.658994169939209,0.13500703086651678,0.5006556291390724,2.7690405342280995,0.2253413228624353,0.44364238410596024,1.3607098256729495,0.11073299518691626,0.0,0.0,0.0,-0.6032119205298018,5.509947079095947,0.4483931341408142
L:C:PRO:53,0.0,3.36567852570975,0.27389503401565257,-0.2273046357615894,0.9003521238560789,0.07326961672241784,0.579026490066225,1.5829833133773463,0.1288213550853814,-0.33988079470198673,1.5344693380096255,0.12487334376104545,0.0,0.0,0.0,0.011841059602648543,4.122967160320189,0.33552230909610703
L:C:ASP:54,0.0,4.065381791542327,0.33083607824555655,-1.3179602649006623,1.9103915434321677,0.15546545897791203,-40.41894701986755,7.011137106595254,0.5705582460209438,40.50837748344371,4.827508288852038,0.3928570530089897,0.0,0.0,0.0,-1.2285298013245036,9.624853493255523,0.7832594690174622
L:C:SER:55,0.0,3.7920857375994563,0.30859556079291567,-1.2757417218543046,1.5390282711455028,0.1252443444780741,-1.6184304635761593,3.717662133831844,0.3025390538122916,2.111602649006622,2.311669143218664,0.18812096692487631,0.0,0.0,0.0,-0.7825695364238409,5.9927746686928565,0.4876850861398405
L:C:ASP:56,0.0,3.943683639736123,0.3209324231061896,-0.32937748344370865,0.8276377273891661,0.06735220305928945,2.3950066225165565,5.7336655041368045,0.4665990813720853,-2.119026490066225,4.905827648376356,0.3992305920969136,0.0,0.0,0.0,-0.053397350993377314,8.554512837504104,0.6961563817570563
L:C:TYR:57,0.0,4.416821695528646,0.3594358520271276,-1.7645562913907284,1.5658784703159299,0.12742938269813414,-0.6900662251655628,2.6980097857819674,0.21956092253210133,1.8817350993377484,1.7746513791876797,0.14441908107252543,0.0,0.0,0.0,-0.5728874172185425,5.691127620754914,0.4631373975164117
L:C:TYR:59,0.0,4.219550809649974,0.343382175009165,-0.22380794701986756,1.3467782124168175,0.10959925657892591,-0.19035099337748265,2.4713041902372477,0.2011118828127878,0.21004635761589405,1.3228093198691182,0.10764869576644154,0.0,0.0,0.0,-0.20411258278145689,5.241716272946788,0.4265648207077073
L:C:ASP:99,0.0,4.472353637004506,0.36395497733374865,-0.16607947019867553,1.9952128269691976,0.16236811713797114,-4.357761589403973,7.933999950144591,0.6456597591318622,1.772635761589404,4.380500444022529,0.3564800704987473,0.0,0.0,0.0,-2.7512052980132444,10.301454296763433,0.8383204615264652
L:C:SER:101,0.0,5.522720884696642,0.4494326516980574,-0.3312582781456954,0.9808779999596224,0.07982271958296785,-0.28034437086092695,5.94863597336389,0.48409313005544763,0.383635761589404,2.0196442115371616,0.16435631501729203,0.0,0.0,0.0,-0.22796688741721838,8.421864419822002,0.6853616066186612
L:C:PHE:102,0.0,4.3403526469171725,0.35321288910580484,-1.0191324503311259,1.2275521415255761,0.09989677653133348,-0.5544238410596032,2.8781304605339146,0.23421893516202216,0.6963245033112582,1.46415494018676,0.11915123921767624,0.0,0.0,0.0,-0.8772317880794703,5.547335396070025,0.4514357522254525
L:C:TYR:103,0.0,4.774077657583381,0.38850892990186064,-6.526880794701986,1.4909699319314844,0.12133341229806632,-3.301867549668874,2.137217108078365,0.1739242616442447,5.791615894039734,1.4245712154344523,0.11592996138181602,0.0,0.0,0.0,-4.037132450331127,5.622446881338038,0.4575482382086794
L:C:TYR:104,0.0,4.581235065437351,0.3728156223170654,-1.535430463576159,1.4994019434634354,0.12201959966495902,-0.5651920529801315,2.454548202050561,0.19974829983262465,0.9922052980132453,1.234794523258995,0.1004861531982006,0.0,0.0,0.0,-1.1084172185430454,5.5484633281400315,0.4515275420355374
L:C:VAL:105,0.0,4.132704531428563,0.3363147251187837,-0.23499337748344368,1.1232721683912,0.09141059266956128,-0.11043046357615888,2.439238966297607,0.19850245189578855,0.05507284768211921,0.6707356635993826,0.054583694192339244,0.0,0.0,0.0,-0.29035099337748327,4.974008461341935,0.4047790679670159
L:C:TYR:106,0.0,4.5433782737438095,0.36973488030043455,-2.9391523178807946,1.1460112359038452,0.09326107174006218,-0.6796092715231798,2.5851850850472404,0.21037937859987826,2.130072847682119,0.9685185631591661,0.07881692288045555,0.0,0.0,0.0,-1.4886887417218557,5.438459158831639,0.4425755296955496
L:D:ILE:2,0.0,4.523763484672943,0.3681386514037244,-0.10129801324503314,1.7103123813056187,0.1391832476799931,0.19430463576158966,3.803736421029774,0.30954367996415455,-0.17301324503311258,2.015408050064005,0.16401158108565742,0.0,0.0,0.0,-0.08000662251655624,6.474556731996313,0.5268919544157714
L:D:ASP:28,0.0,4.38944564560746,0.3572080206798672,-0.6774105960264901,1.1480702439065489,0.09342863143497394,-17.484072847682118,11.432088238978638,0.9303301468534324,18.743205298013244,9.882555149991259,0.8042309324232371,0.0,0.0,0.0,0.5817218543046357,15.777922428415549,1.2839891175631197
L:D:VAL:29,0.0,3.840137923262803,0.3125059922040717,-0.31002649006622524,1.1069320568505547,0.09008085325088024,0.47392052980132504,2.502061247002302,0.20361485659490486,-0.25266225165562917,0.8625712894710572,0.07019505602389033,0.0,0.0,0.0,-0.08876821192052951,4.793359736274238,0.3900780832118343
L:D:ASN:30,0.0,4.330219564459344,0.35238827055020905,-0.7544437086092715,1.3168015832429565,0.10715979309347082,2.9693973509933778,5.809637683746103,0.47278160966745897,-2.6125960264900665,2.7294759324688935,0.2221216012336834,0.0,0.0,0.0,-0.39764238410595815,7.854087901748194,0.6391566088616872
L:D:THR:31,0.0,5.591146339254295,0.4550010362185763,-3.28717880794702,1.178684447880019,0.09591998002178156,-2.3563907284768213,5.12120457280112,0.4167577176351637,5.123238410596026,1.9315638821968617,0.15718843947110214,0.0,0.0,0.0,-0.5203311258278146,7.912514753358595,0.6439113186139752
L:D:ALA:32,0.0,2.850222752038802,0.2319478380536149,-0.4097350993377484,0.8047953564234834,0.06549331727300525,0.14564238410595953,1.9922381200293164,0.16212603892038097,-0.0787019867549669,0.6613615219172414,0.053820837361158023,0.0,0.0,0.0,-0.3427947019867556,3.6301345831154905,0.29541616275254406
L:D:TYR:49,0.0,4.505410376509612,0.36664509664313466,-0.2902913907284767,1.4126482044132722,0.11495968050553226,2.0363443708609283,2.8577617989656185,0.23256135699153266,-1.8359403973509931,1.3984490986433598,0.11380417366548969,0.0,0.0,0.0,-0.08988741721854179,5.6935718131341915,0.46333630307133894
L:D:SER:50,0.0,3.501581645823418,0.28495467308160194,-0.8529006622516557,1.1217198368554737,0.09128426572076524,1.5960993377483446,2.2743275614091387,0.18508215209399126,-0.4258741721854305,1.184792160608478,0.09641701863457253,0.0,0.0,0.0,0.31732450331125894,4.482814711226313,0.3648062874805541
L:D:TYR:52,0.0,4.922280460845576,0.4005695029870913,-1.6699602649006622,1.527456859062074,0.12430267631755613,-0.13466887417218643,2.8590120419576666,0.2326631003232915,1.6025761589403975,1.6457780399502837,0.1339315174610561,0.0,0.0,0.0,-0.2020529801324521,6.11919149923905,0.4979727419091327
L:D:PHE:53,0.0,4.355274196550059,0.35442718759362724,-0.5014701986754967,1.3792301374099347,0.11224015678135651,-0.7119602649006631,2.6349605657425474,0.214430049771841,0.7401523178807947,0.7239002786558429,0.05891016920713513,0.0,0.0,0.0,-0.47327814569536586,5.323320194721608,0.4332056536807885
L:D:ARG:66,0.0,6.1973350723969585,0.5043319757054373,0.10411258278145705,2.045105216727188,0.16642830223452765,-36.2243046357616,11.21563178154877,0.9127151701651407,31.416682119205298,8.522411349949826,0.6935439997489504,0.0,0.0,0.0,-4.703509933774836,15.524538924685869,1.2633690604652985
L:D:TYR:91,0.0,4.892785626588898,0.3981692474159461,-0.34078145695364237,1.4225690809731466,0.11576702999006416,-0.7731390728476817,2.702099967177635,0.2198937767735088,0.7603708609271523,1.0453688619951578,0.08507091150504004,0.0,0.0,0.0,-0.3535496688741718,5.861501025176582,0.4770021885364022
L:D:SER:92,0.0,4.5317432428660736,0.3687880349158598,-0.04991390728476824,1.228784212376583,0.09999704103522726,-3.534278145695364,3.71534095828319,0.302350159225064,2.0959072847682116,1.362641257232607,0.11089017285813182,0.0,0.0,0.0,-1.48828476821192,6.140615367539101,0.49971619158561414
L:D:ARG:93,0.0,5.941360175828004,0.48350103404914163,-1.9936622516556288,1.4592711609014106,0.11875380289591596,6.625927152317881,7.661454626396014,0.6234803352359981,-0.23317218543046359,5.122289300951822,0.4168459915601583,0.0,0.0,0.0,4.399092715231786,11.06186999267863,0.900202213246888
L:D:TYR:94,0.0,3.9625220512253407,0.32246547129134034,-6.391834437086092,1.166767700220483,0.0949502088506397,-5.085145695364238,2.5915348358629076,0.2108961139928645,7.761907284768213,1.5099252716444667,0.12287597596711748,0.0,0.0,0.0,-3.7150728476821193,5.104787459254938,0.4154217118821419
L:D:SER:95,0.0,5.5482263304488,0.4515082554369495,-1.3193774834437086,0.9558878872533512,0.07778905305259244,0.06775496688741761,5.975739070897044,0.48629874885239055,1.5405496688741722,2.5928179890660212,0.21100053551961742,0.0,0.0,0.0,0.28892715231788096,8.60980253169333,0.7006557932590741
L:D:PRO:96,0.0,3.6755489873255534,0.2991119345533558,-0.2313708609271523,0.962207107075786,0.07830330386858599,-0.5564304635761587,2.2134798724099096,0.1801304373889443,0.47142384105960267,1.2311798793302915,0.100191997647026,0.0,0.0,0.0,-0.31637748344370786,4.566267613266725,0.3715975883336989

Sidechain Energy Decomposition:
Residue,Internal,,,van der Waals,,,Electrostatic,,,Polar Solvation,,,Non-Polar Solv.,,,TOTAL,,
,Avg.,Std. Dev.,Std. Err. of Mean,Avg.,Std. Dev.,Std. Err. of Mean,Avg.,Std. Dev.,Std. Err. of Mean,Avg.,Std. Dev.,Std. Err. of Mean,Avg.,Std. Dev.,Std. Err. of Mean,Avg.,Std. Dev.,Std. Err. of Mean
R:A:HISE:1,0.0,4.123387169922442,0.33555648899279567,-0.07278807947019862,2.1656444433890316,0.17623764538318853,6.618211920529802,6.690382347877525,0.5444555939469021,-6.297079470198676,4.850664148591017,0.3947414501498402,0.0,0.0,0.0,0.24834437086092667,9.485910407097476,0.7719524410233156
R:A:GLU:4,0.0,2.9268585847948034,0.23818437367613,-2.048582781456954,1.6184839144421044,0.13171035302797532,-6.536112582781457,6.159504072033959,0.5012533325575196,8.14678145695364,5.060467117431278,0.41181497361565317,0.0,0.0,0.0,-0.43791390728476887,8.644871845013148,0.7035096935027438
R:A:VAL:5,0.0,2.6574142198172703,0.21625730222616596,-0.9541324503311259,0.5748959050207078,0.04678436525006526,0.5353245033112582,1.061053459505174,0.08634730594845223,-0.28949668874172185,0.4486762435906883,0.03651275487588995,0.0,0.0,0.0,-0.7083046357615894,2.9528800268190984,0.2403019685961254
R:A:VAL:6,0.0,2.9954229528941556,0.24376406282034901,-1.2991324503311257,0.7826263043087398,0.06368922539771778,1.3636490066225166,0.8816135592120283,0.07174469395829128,-0.958158940397351,0.4726983401723759,0.0384676453712563,0.0,0.0,0.0,-0.8936423841059604,3.253574770542291,0.26477215980163393
R:A:ARG:7,0.0,5.183586337885231,0.42183427368148607,-1.492655629139073,1.4460813861530315,0.11768043424951373,-32.40243046357616,6.817266869592746,0.5547813098837567,31.48434437086093,6.084550071865305,0.4951536625299214,0.0,0.0,0.0,-2.410741721854304,10.60460257840772,0.8629903188163082
R:A:HISE:8,0.0,4.239356774127361,0.34499396153981793,-3.8083377483443708,1.7193520211832158,0.1399188831403767,-10.468218543046358,3.3239767098696396,0.2705013883716043,9.688794701986756,1.4018137008068008,0.11407798110638616,0.0,0.0,0.0,-4.587761589403973,5.825995198299756,0.47411276532325336
R:A:CYS:9,0.0,2.315972173658803,0.18847114257586892,-0.06106622516556294,0.9487333961504598,0.07720682882380106,0.10967549668874167,4.333289774897778,0.3526381207322887,-0.11192715231788082,0.605478778202038,0.04927316417316812,0.0,0.0,0.0,-0.063317880794702,5.040617719111392,0.4101996524890257
R:B:GLN:43,0.0,3.087485505507942,0.25125600710056023,-0.42333112582781457,1.174909135204887,0.09561274943345408,0.3227814569536424,3.7392994051210375,0.3042998699777362,-0.3298940397350994,2.7980558290423034,0.2277025540671995,0.0,0.0,0.0,-0.43044370860927134,5.72052923131118,0.465530066650409
R:B:ARG:44,0.0,4.769402812192322,0.3881284963792823,-0.43936423841059596,1.4476520495171508,0.11780825302134723,10.165390728476822,7.893056892958355,0.6423278603913656,-9.481602649006623,6.075278553531867,0.4943991570684177,0.0,0.0,0.0,0.24442384105959825,11.137874853844465,0.906387401129614
R:B:PRO:57,0.0,2.402037000809196,0.19547499887998138,-0.07860264900662252,0.4472480751804289,0.03639653217894489,2.507158940397351,2.166403651308862,0.1762994288474851,-2.4849470198675494,2.0895610333807313,0.17004606528631766,0.0,0.0,0.0,-0.05639072847682121,3.8767747789414533,0.31548745723576677
R:B:GLU:58,0.0,3.0449178144031164,0.24779189752679592,-0.8508807947019867,0.7483283995248151,0.06089810149039877,-16.703503311258277,6.95139838024077,0.565696777416047,17.237450331125828,7.401995319688336,0.6023658363040506,0.0,0.0,0.0,-0.3169337748344367,10.627464139836317,0.8648507663003162
R:B:ASP:61,0.0,2.9645883156702735,0.24125477563002992,-0.1734105960264901,1.6017775412366153,0.13035080765772025,-30.51352317880795,9.111234841280728,0.7414617758987934,28.617350993377485,7.255047686094363,0.5904074074777999,0.0,0.0,0.0,-2.0695827814569534,12.124553287997449,0.9866821533528237
R:B:GLY:62,0.0,0.3823980937348061,0.031119115533747722,-0.01109271523178808,0.025253302954623125,0.002055084649032392,0.7173907284768213,0.433187733521088,0.03525231780206979,-0.6807218543046357,0.3788037640439636,0.030826613131805108,0.0,0.0,0.0,0.025576158940397376,0.6913826259960135,0.05626392016304528
R:B:THR:64,0.0,2.5806802287819726,0.21001277859616846,-0.40704635761589403,1.0802097386684015,0.08790622183805553,0.7359403973509935,1.676249954591228,0.13641128670620215,-0.4501523178807947,0.5186083468563345,0.042203748729407534,0.0,0.0,0.0,-0.12125827814569566,3.3023525024497893,0.26874163532876955
R:B:ARG:65,0.0,4.59840763101969,0.3742131058849052,-3.8204900662251657,1.717809250962396,0.1397933342803528,6.785741721854304,6.940757012425262,0.5648307951846672,-2.979344370860927,4.9861848754016025,0.4057699704901136,0.0,0.0,0.0,-0.014092715231786481,9.855575522562154,0.802035361480862
R:B:LYS:66,0.0,3.5702449821268685,0.290542416144049,-0.23392052980132444,0.9490943204096283,0.07723620042346123,7.681384105960266,6.149515278486902,0.5004404560669553,-7.078834437086092,5.1852795411291615,0.4219720646073125,0.0,0.0,0.0,0.3686291390728475,8.851615182633754,0.7203342277110918
R:B:LYS:68,0.0,3.4544198595843776,0.28111670134796557,-0.7083907284768213,1.1154460676070015,0.09077371362002523,-14.820675496688741,13.897325839607246,1.130948337605459,17.09156953642384,13.572279516486105,1.1044964429732604,0.0,0.0,0.0,1.5625033112582787,19.761570617283294,1.6081738095536402
R:B:ALA:69,0.0,1.4844753426207518,0.12080489011551304,-0.46998013245033105,0.2752881328210537,0.02240263053264355,-0.015046357615894042,0.3375593534348525,0.02747019059755377,0.011384105960264899,0.07072294791992273,0.005755351878750689,0.0,0.0,0.0,-0.4736423841059602,1.548676419196386,0.1260294996313065
R:B:HISE:70,0.0,4.157069309203841,0.33829750261418823,-0.2828145695364238,1.341988599459362,0.10920948340425012,0.2706225165562915,2.913400172444526,0.2370891436117261,-0.1093112582781457,2.1286257197864042,0.17322510438056277,0.0,0.0,0.0,-0.12150331125827787,5.665783852419661,0.4610749508991118
R:B:GLN:72,0.0,3.0195860543253836,0.24573042812763404,-1.396437086092715,0.9339028357620751,0.07599993493568344,-6.428768211920529,2.199991614546379,0.17903277853111724,6.077456953642384,1.705034685822006,0.13875375491264583,0.0,0.0,0.0,-1.747748344370861,4.21155325622879,0.34273134334190847
R:B:THR:73,0.0,2.5294517044566636,0.20584386041058705,-0.8324503311258278,0.804605001401519,0.06547782640101088,-0.5977284768211921,1.5363035345967462,0.12502260856241706,1.8656225165562919,0.6243181613692647,0.05080629143235379,0.0,0.0,0.0,0.4354437086092714,3.129779041799758,0.25469780627205013
R:B:ARG:75,0.0,4.784241726473386,0.3893360700975448,-0.5841986754966887,1.5429884540197283,0.12556661958984086,6.95235761589404,17.193849365436343,1.3992156175441919,-5.732933774834436,12.957702667467345,1.0544828882973192,0.0,0.0,0.0,0.6352251655629119,22.108828478378797,1.7991909452655799
R:B:VAL:76,0.0,2.8109402347104244,0.22875107213028376,-1.7046490066225164,0.703204072163057,0.05722593580871774,-0.1402516556291391,1.0928865812271376,0.08893784865485138,0.08945033112582781,0.7087126790922217,0.05767421988300384,0.0,0.0,0.0,-1.7554503311258274,3.1768782965598508,0.25853068926609873
R:B:THR:80,0.0,2.92266079843574,0.2378427626669907,-0.2911258278145696,0.8631761719436168,0.07024428066139853,-0.1062980132450332,3.508276341270096,0.2854994796705514,0.3609668874172185,0.8995118410630414,0.07320123547851005,0.0,0.0,0.0,-0.036456953642384216,4.733301562910649,0.3851906183780177
R:B:TYR:84,0.0,3.612659551038422,0.2939940648104466,-0.1680662251655629,1.383617161416501,0.11259716773184608,0.20744370860927155,2.27554594252024,0.18518130254265114,-0.2455960264900663,0.7051330594655506,0.057382914569106276,0.0,0.0,0.0,-0.20621854304635748,4.543239752549601,0.36972360760552037
R:B:HISE:145,0.0,4.649403387514435,0.378363081693078,-0.5878741721854305,1.0972683594045383,0.08929443270581779,-0.8489403973509937,2.8341899503884145,0.23064310715912967,1.2367814569536422,2.526830050588448,0.2056305132445024,0.0,0.0,0.0,-0.20003311258278197,6.10233172580945,0.4966007130056822
R:B:LYS:146,0.0,3.7730034713902687,0.3070426679920921,-1.8419536423841059,1.3245536854990232,0.10779065022819091,-31.175682119205298,6.974181713125519,0.5675508587514421,29.749960264900654,5.829491460176285,0.47439728707964945,0.0,0.0,0.0,-3.267675496688742,9.930366504457663,0.8081217652695347
R:B:TRP:147,0.0,4.419938084583255,0.3596894601716958,-0.22203973509933778,0.9198519878629697,0.07485649315005934,-1.397390728476821,1.2396122262862144,0.1008782123103344,1.125701986754967,0.7407061564429821,0.06027781214540437,0.0,0.0,0.0,-0.49372847682119203,4.7399646024918525,0.3857328488491696
R:B:GLU:148,0.0,2.810863745543164,0.22874484753013,-0.03946357615894043,1.2543222575459567,0.10207529767706854,1.8861854304635768,11.720183581537793,0.9537750133334688,-1.8879668874172184,11.121898632173107,0.9050872746485219,0.0,0.0,0.0,-0.041245033112581896,16.44790599714949,1.3385116071433194
R:B:ALA:149,0.0,1.519606617547229,0.12366383272322141,-0.3764304635761589,0.4031528464764128,0.032808113358324585,-0.1568609271523179,0.35595649429698617,0.028967328688352938,0.12303311258278148,0.07989798657842934,0.006502005935657879,0.0,0.0,0.0,-0.4102582781456954,1.613947088292194,0.13134115135195049
R:B:ALA:150,0.0,1.3692263875951343,0.11142606316698465,-0.5986225165562914,0.46273980401791037,0.03765723119238037,-0.2592516556291391,0.38226557757596025,0.031108331521680778,0.2670529801324503,0.10175361414375496,0.00828059168284416,0.0,0.0,0.0,-0.5908211920529802,1.4984624775082465,0.12194314700978491
R:B:HISE:151,0.0,4.244184918350867,0.34538687034445514,-0.46943046357615903,1.1844761776981443,0.09639130431001268,-0.6982649006622511,2.2260323922804788,0.18115194696886078,0.7089668874172187,1.8164153042998832,0.14781778109745486,0.0,0.0,0.0,-0.4587284768211914,5.260292216775429,0.4280765095775602
R:B:VAL:152,0.0,2.721872385238283,0.22150283333548418,-0.3980198675496689,0.6937419418883386,0.056455918567422235,-0.025052980132450303,1.1079439501903063,0.09016319996301997,0.3010728476821192,0.47507165751831876,0.03866078319776927,0.0,0.0,0.0,-0.12199999999999984,3.056648497946443,0.24874652701490155
R:B:GLN:155,0.0,3.1450365138965206,0.25593944174228694,-1.5132450331125828,0.7884963950299458,0.06416692660580349,-1.40694701986755,2.611874031244556,0.21255129423909225,2.710456953642384,2.498529153638586,0.20332741891343542,0.0,0.0,0.0,-0.20973509933774825,4.855668350020339,0.39514868628669503
L:C:VAL:29,0.0,2.7969868197816057,0.22761555932733196,-0.03947019867549666,0.8553751246284669,0.06960944043425885,0.40802649006622516,0.9944717583934611,0.08092896395544595,-0.311953642384106,0.41311689503852705,0.03361897613057298,0.0,0.0,0.0,0.056602649006622215,3.1167998846691525,0.2536415774443037
L:C:TYR:30,0.0,3.4995113250862993,0.28478619276941974,-3.304423841059602,0.8670765292387324,0.07056168723658342,-0.4835960264900663,1.4270307236963766,0.11613011332559665,2.5602317880794705,1.1939292627396823,0.09716058546067127,0.0,0.0,0.0,-1.2277880794701987,4.057127677651207,0.33016436798335885
L:C:ALA:31,0.0,1.4778931010884426,0.1202692348963293,-0.20742384105960268,0.4617709874957151,0.037578390021937434,-0.3015496688741722,0.4666917400291056,0.03797883518395164,0.2326953642384106,0.12048981070073156,0.00980532173477771,0.0,0.0,0.0,-0.27627814569536424,1.6216409706934742,0.13196727062208094
L:C:SER:32,0.0,2.0126753401875086,0.16378919630979116,-0.07409271523178808,1.3058130046402447,0.10626555524895216,-0.13256291390728475,2.4487228742601284,0.19927424138018335,0.19721192052980135,0.46892950668731315,0.038160942051938866,0.0,0.0,0.0,-0.009443708609271495,3.4600792223955334,0.2815772537619373
L:C:GLY:33,0.0,0.3475597925455774,0.028284014790648935,-0.006039735099337748,0.28130091958492837,0.022891944179992872,0.5371456953642385,0.4747759326460248,0.03863671744896483,-0.3046688741721855,0.30420217632443525,0.024755622022589463,0.0,0.0,0.0,0.22643708609271523,0.7196382195617994,0.0585633277570018
L:C:TYR:52,0.0,3.1452682949415616,0.2559583038162286,-1.308907284768212,1.1520536207225578,0.09375279404295442,0.6274437086092716,1.5498585413449526,0.1261256993674426,-0.08831788079470199,1.0456288596847378,0.08509206981694878,0.0,0.0,0.0,-0.7697814569536423,3.836058055161583,0.31217397724666357
L:C:PRO:53,0.0,2.4228870725310996,0.197171753653165,-0.08499337748344364,0.7344792899571725,0.059771076937358295,1.615337748344371,1.1267462351273936,0.0916933082110528,-1.2344105960264897,0.8277587880543842,0.06736205483650601,0.0,0.0,0.0,0.29593377483443695,2.892158931177423,0.23536055591241187
L:C:ASP:54,0.0,2.4575610596333584,0.19999348270550482,-0.5208211920529802,1.4932378791445513,0.12151797522477592,-38.62477483443708,6.131498726755161,0.49897428988034087,37.55376821192053,4.347935495882649,0.3538299726030758,0.0,0.0,0.0,-1.5918278145695357,8.047930506539853,0.6549312963214463
L:C:SER:55,0.0,1.9896539960260577,0.1619157458913924,-0.6356622516556293,1.1968685509408366,0.09739978134218143,-1.4047152317880796,2.36077656347066,0.19211727210898624,1.5543311258278145,0.9296306204501268,0.07565226698425853,0.0,0.0,0.0,-0.48604635761589404,3.439287197261157,0.2798852227530538
L:C:ASP:56,0.0,2.4468286761825007,0.19912009372676334,-0.11692715231788078,0.3741110774691962,0.0304447277142875,2.077278145695364,4.155129879795397,0.3381396740872689,-1.901390728476821,4.106959573363195,0.3342196301442693,0.0,0.0,0.0,0.05896026490066252,6.345009923087771,0.516349584619731
L:C:TYR:57,0.0,3.563530130639285,0.2899959692797532,-1.6255364238410597,1.2573607625106815,0.10232256770428973,0.04404635761589403,1.299056525453027,0.10571572077050363,1.2320331125827815,1.3214669593329111,0.10753945601525401,0.0,0.0,0.0,-0.3494569536423842,4.208743976533396,0.3425027274025513
L:C:TYR:59,0.0,3.3137066394967825,0.2696656218975845,-0.1922119205298013,1.0290419826439394,0.08374224890666297,-0.08271523178807948,1.3576584413620405,0.11048467705336695,0.1521125827814569,1.274524233627707,0.10371931117503848,0.0,0.0,0.0,-0.12281456953642395,3.937921731090491,0.3204635256305587
L:C:ASP:99,0.0,2.574469779454126,0.20950737939748998,-0.11298013245033114,1.6577769687821817,0.13490797644115762,-3.9986953642384115,6.980438948659933,0.568060065357614,1.5844039735099338,4.02268511196458,0.3273614717387344,0.0,0.0,0.0,-2.527271523178808,8.618853899999541,0.7013923831654423
L:C:SER:101,0.0,2.694071144952244,0.21924040048705395,-0.06492052980132451,0.7839833783611735,0.06379966251787461,0.38174834437086086,4.285098129309059,0.3487163402333598,-0.2974900662251655,2.197370868641376,0.17881950525403092,0.0,0.0,0.0,0.019337748344370884,5.573432872455956,0.4535595347340448
L:C:PHE:102,0.0,3.5125437158336252,0.2858467536874567,-0.43860927152317875,0.7467963099564274,0.06077342180954302,-0.13360264900662253,0.4970766316729862,0.04045152259803188,0.1262980132450331,0.2922630101806645,0.023784026461074262,0.0,0.0,0.0,-0.4459139072847682,3.637055255159323,0.2959793590561652
L:C:TYR:103,0.0,3.879156912006421,0.31568131247531955,-5.476741721854305,1.1522517416887366,0.09376891689852611,-4.0487350993377484,1.506244714700772,0.12257645649085461,5.296211920529801,0.899386913285159,0.07319106900012799,0.0,0.0,0.0,-4.229264900662251,4.410579597348237,0.3589278772813543
L:C:TYR:104,0.0,3.7793999840534447,0.3075632088102597,-0.7737880794701986,0.8702910380690931,0.07082328025525997,-0.37305298013245025,0.9051978899855041,0.07366395957742089,0.4494569536423841,0.7408251402496722,0.06028749491027088,0.0,0.0,0.0,-0.6973841059602649,4.050861123127613,0.3296544030086028
L:C:VAL:105,0.0,2.5138100452236625,0.20457096023460228,-0.056966887417218545,0.621188112217269,0.05055157164482574,-0.2936688741721855,0.8614447067871677,0.07010337602529025,0.3318807947019868,0.36539154995890266,0.02973514262890605,0.0,0.0,0.0,-0.01875496688741731,2.753309568839008,0.2240611550545382
L:C:TYR:106,0.0,3.976460972530537,0.32359980461992915,-2.706470198675497,0.7560849589530512,0.061529321344645886,-0.4089536423841059,1.4223541320506425,0.11574953769482826,1.8065761589403975,0.7671904401956301,0.062433072591076916,0.0,0.0,0.0,-1.3088476821192052,4.358391765284833,0.3546808917392057
L:D:ILE:2,0.0,3.3500482998900147,0.2726230642776438,-0.08123841059602652,1.2717291986104913,0.10349185445115135,0.22884768211920528,0.7688038151950713,0.06256436718649844,-0.20135099337748347,0.5180824014348965,0.042160947898016554,0.0,0.0,0.0,-0.053741721854304626,3.7012953742074557,0.3012071458033107
L:D:ASP:28,0.0,2.8123513779345717,0.22886590933723217,-0.46556953642384097,0.7772914863385817,0.06325508406834181,-12.681748344370858,11.307138990257156,0.9201619211992655,13.99498013245033,10.476488469193633,0.852564540467891,0.0,0.0,0.0,0.8476622516556293,15.688266479055159,1.276693019878154
L:D:VAL:29,0.0,2.5023883960629827,0.20364147960789283,-0.09935761589403973,0.7577893350306059,0.06166802150277785,0.816609271523179,0.8617694477729313,0.0701298030719207,-0.7005033112582782,0.4843907876460418,0.03941916325214204,0.0,0.0,0.0,0.0167483443708611,2.7952590894777556,0.2274749586292177
L:D:ASN:30,0.0,2.795935911489561,0.22753003762340268,-0.48602649006622517,0.9952957532409425,0.08099601970514268,0.8973509933774835,4.236216394102246,0.3447384010377585,-0.6524370860927152,2.638608412405971,0.21472690732324712,0.0,0.0,0.0,-0.2411125827814562,5.806518315587802,0.4725277590868706
L:D:THR:31,0.0,3.445234642903197,0.28036921901531986,-2.351185430463576,0.726010928465538,0.05908193145269887,-1.5000066225165563,2.9101406386514803,0.23682388651355057,3.176019867549669,1.5194609339359362,0.1236519771590712,0.0,0.0,0.0,-0.6751721854304633,4.813981063465042,0.39175622301907637
L:D:ALA:32,0.0,1.4196613030990395,0.11553039838260232,-0.1490066225165563,0.4095064373290584,0.033325161249088284,0.10794701986754968,0.4547123075781445,0.03700396279682956,-0.0977615894039735,0.08164471065613355,0.006644152325167217,0.0,0.0,0.0,-0.1388211920529801,1.5480836150453776,0.12598125791366627
L:D:TYR:49,0.0,3.55039489595124,0.2889270390405151,-0.22725827814569544,0.9104326897939782,0.07408996154423227,0.5722649006622516,1.9071943343166717,0.15520527379006516,-0.44658940397350994,1.284410180945363,0.10452381815815129,0.0,0.0,0.0,-0.10158278145695371,4.326810758700665,0.3521108658717485
L:D:SER:50,0.0,2.054840525660168,0.1672205504397507,-0.5492185430463575,0.5807793005426197,0.04726314918747705,-0.6468013245033114,1.5815843390241406,0.12870750816710583,1.7799006622516556,0.9910941597230457,0.08065409887381148,0.0,0.0,0.0,0.5838807947019867,2.836080188696661,0.23079693257108747
L:D:TYR:52,0.0,3.8852710941594206,0.31617887756241314,-1.605814569536424,1.103303644742897,0.08978557726119249,-1.3954238410596027,2.3189037586166097,0.18870971157632596,2.79017880794702,1.751046147975993,0.1424981145998559,0.0,0.0,0.0,-0.21105960264900653,4.975548980934818,0.40490443367353585
L:D:PHE:53,0.0,3.3831390315455923,0.27531594982900404,-0.4522450331125827,0.8398077482832458,0.06834258531395004,-0.33519205298013244,0.7490737285565159,0.06095875550679729,0.3905761589403974,0.6681818307863711,0.054375866225453255,0.0,0.0,0.0,-0.39686092715231785,3.62746263532106,0.29519872272478936
L:D:ARG:66,0.0,4.94756057415453,0.4026267694318168,0.14073509933774836,1.861884021863964,0.1515179728563323,-37.61440397350993,10.637968748162503,0.8657056192022924,32.77964900662251,8.33545966543718,0.6783300874285286,0.0,0.0,0.0,-4.694019867549672,14.511761942190647,1.1809504384989293
L:D:TYR:91,0.0,3.5617176034892153,0.2898484679121596,-0.19927152317880797,1.1200772209637553,0.09115059153527778,0.20227814569536423,1.976086369177741,0.16081162807718502,-0.19427814569536422,0.4238785010366395,0.034494743206483616,0.0,0.0,0.0,-0.19127152317880816,4.245585423709901,0.34550084185421803
L:D:SER:92,0.0,1.7326530683165355,0.14100130700504337,0.26592052980132447,1.071731858051479,0.0872163016979664,-2.9531258278145693,2.1650073153853593,0.1761857966415737,1.3731324503311257,0.9271937814758714,0.07545395984094526,0.0,0.0,0.0,-1.3140728476821193,3.1141035330876248,0.25342215146452
L:D:ARG:93,0.0,5.218071496629869,0.42464063610001385,-1.579158940397351,1.1270109994599964,0.09171485442686944,7.066483443708611,7.348945193587789,0.5980486782683526,-0.727496688741722,5.089937793984708,0.4142132632607891,0.0,0.0,0.0,4.759827814569542,10.412150889313692,0.8473288224707346
L:D:TYR:94,0.0,3.2849921732290923,0.26732887177274245,-5.350178807947019,1.0154083463845767,0.08263275932276762,-4.082225165562915,1.6100270400493046,0.13102214235016155,5.679615894039736,0.7905569593340467,0.0643346129507268,0.0,0.0,0.0,-3.752788079470198,3.878065892132994,0.31559252653719105
L:D:SER:95,0.0,2.804902992437098,0.22825976832179992,-0.8355430463576159,0.7948214247443117,0.06468165022409705,-0.20233112582781462,3.5483173467127713,0.2887579704812356,1.7286688741721854,1.933098012055739,0.1573132851884432,0.0,0.0,0.0,0.690794701986755,4.982634424821049,0.40548103891952436
L:D:PRO:96,0.0,2.571975424004867,0.20930439162982198,-0.13560927152317878,0.6878077636012768,0.0559730019871921,1.2269999999999999,1.8028933521158563,0.1467173802347132,-1.1253046357615895,1.7173444546131496,0.13975550968988323,0.0,0.0,0.0,-0.03391390728476804,3.645248073348272,0.29664608114486285

Backbone Energy Decomposition:
Residue,Internal,,,van der Waals,,,Electrostatic,,,Polar Solvation,,,Non-Polar Solv.,,,TOTAL,,
,Avg.,Std. Dev.,Std. Err. of Mean,Avg.,Std. Dev.,Std. Err. of Mean,Avg.,Std. Dev.,Std. Err. of Mean,Avg.,Std. Dev.,Std. Err. of Mean,Avg.,Std. Dev.,Std. Err. of Mean,Avg.,Std. Dev.,Std. Err. of Mean
R:A:HISE:1,0.0,0.0,0.0,0.0,0.0,0.0,0.0,0.0,0.0,0.0,0.0,0.0,0.0,0.0,0.0,0.0,0.0,0.0
R:A:GLU:4,0.0,2.6776117503446915,0.2179009539500553,-0.7771324503311259,0.5688996179616155,0.046296394329648445,-1.6052251655629137,1.7607468878041934,0.14328754961122903,2.248748344370861,0.9949698455054802,0.08096949770976833,0.0,0.0,0.0,-0.13360927152317903,3.4034462030827206,0.27696852401172417
R:A:VAL:5,0.0,2.6671126214903906,0.21704654696117717,-0.9056490066225168,0.5732358156828324,0.04664926909569606,-0.47233774834437064,1.8951577133977364,0.15422574747142187,1.0630331125827812,1.1325755739194656,0.09216769307417833,0.0,0.0,0.0,-0.31495364238410484,3.509478483391065,0.28559730860893606
R:A:VAL:6,0.0,3.063375376899453,0.24929395266045257,-1.033403973509934,0.7931966448039145,0.06454942750774324,-5.900145695364238,2.872609200544306,0.2337696213962803,4.96851655629139,1.0975188649288041,0.08931481855626838,0.0,0.0,0.0,-1.9650331125827816,4.412466531889898,0.3590814338366003
R:A:ARG:7,0.0,2.7215756266998814,0.22147868346812488,-0.8177218543046357,0.604178304421845,0.049167333117842556,-1.6325364238410587,2.3853133493098677,0.19411404742211494,1.5269867549668874,1.4127438000273054,0.1149674599662732,0.0,0.0,0.0,-0.9232715231788071,3.9316116459147334,0.3199500181815692
R:A:HISE:8,0.0,0.0,0.0,0.0,0.0,0.0,0.0,0.0,0.0,0.0,0.0,0.0,0.0,0.0,0.0,0.0,0.0,0.0
R:A:CYS:9,0.0,3.4413937594763575,0.28005665235489513,-0.37816556291390724,1.725150935377984,0.14039079208488736,18.573211920529804,7.567637466295526,0.6158456030235518,-17.06212582781457,6.803857024800654,0.5536900321911851,0.0,0.0,0.0,1.1329205298013243,10.880300730807367,0.8854263162690447
R:B:GLN:43,0.0,2.436511181361068,0.19828046790585202,-0.2104569536423841,0.7813768357178997,0.0635875450858355,1.8062715231788076,4.832571653833914,0.3932691038074694,-1.6087417218543045,3.3697760744179517,0.2742284878004513,0.0,0.0,0.0,-0.012927152317880776,6.423104862716531,0.5227048606755625
R:B:ARG:44,0.0,2.915770705021739,0.2372820548169738,-0.07070860927152313,0.6955073763747159,0.05659958758839528,0.5258145695364237,2.5152637773162896,0.2046892632745148,-0.4311854304635761,1.1446167773698468,0.09314759231394189,0.0,0.0,0.0,0.02392052980132462,4.077026950042218,0.3317837478043338
R:B:PRO:57,0.0,2.0729624377180573,0.16869529072810835,-0.13135761589403971,0.8602087887832737,0.07000279844453461,-2.6466556291390733,2.163139440555729,0.17603379114369547,2.613867549668874,1.0973036505552431,0.08929730465893182,0.0,0.0,0.0,-0.16414569536423845,3.3045998198419713,0.2689245194244649
R:B:GLU:58,0.0,2.4793836563334013,0.20176938043899606,-0.39781456953642386,0.7624844123089194,0.06205010147299088,-1.5428013245033108,2.253178935772505,0.1833611013477948,1.8366026490066225,1.2784713645423686,0.10404052413339954,0.0,0.0,0.0,-0.10401324503311188,3.6660646667606684,0.29834011149185685
R:B:ASP:61,0.0,3.3571723555941477,0.27320281170881044,-0.7487417218543047,1.0484998554755036,0.08532570814091935,-0.5741854304635766,2.4189191414561466,0.1968488480017654,1.0788145695364235,0.8955187045919871,0.07287627864106584,0.0,0.0,0.0,-0.244112582781458,4.361545796535302,0.35493756316222924
R:B:GLY:62,0.0,2.6981573169113644,0.2195729284451426,-0.3318741721854305,0.8166148178914984,0.06645517140616135,-0.29953642384105916,1.7547856818108016,0.14280243354745104,0.13882781456953647,0.637202835471359,0.05185483134028499,0.0,0.0,0.0,-0.49258278145695283,3.38115555841834,0.27515453707508
R:B:THR:64,0.0,3.012316227217993,0.24513881798790843,-0.35680794701986757,0.9113847671337455,0.07416744049932827,0.41052317880794703,2.3388343639909586,0.1903316412393227,-0.3235033112582782,0.7352562531049459,0.05983430530161314,0.0,0.0,0.0,-0.2697880794701976,3.9894133887627126,0.32465385730422364
R:B:ARG:65,0.0,2.734980642743036,0.222569568202681,-0.8676092715231789,0.94197937984583,0.07665719477189506,0.04014569536423915,2.207852562089204,0.17967249336965288,0.071158940397351,0.6706001418423833,0.0545726655881634,0.0,0.0,0.0,-0.7563046357615887,3.7002380672595554,0.3011211033841527
R:B:LYS:66,0.0,2.815163745331722,0.2290947765501947,-0.20267549668874174,1.012529172000713,0.08239845543432985,-0.2592847682119211,1.9395987603319134,0.15784230858049592,0.17063576158940397,0.4990949587170385,0.040615771723479424,0.0,0.0,0.0,-0.2913245033112593,3.6002085170279283,0.29298081403269594
R:B:LYS:68,0.0,2.723393499151644,0.22162661983020115,-0.24270860927152318,0.8604272646538738,0.07002057775873605,-0.30591390728476775,2.291008850715039,0.1864396561654477,0.4561721854304636,0.7766420309083852,0.0632022321349838,0.0,0.0,0.0,-0.09245033112582715,3.74287344525691,0.304590721239112
R:B:ALA:69,0.0,2.432938543238897,0.1979897307387332,-0.6575099337748344,0.8144037300156213,0.06627523562668959,-0.3804569536423835,1.961111691789244,0.159593006113927,0.6957682119205298,0.6149608020318145,0.050044800329014635,0.0,0.0,0.0,-0.34219867549668875,3.287336193082303,0.2675196254031098
R:B:HISE:70,0.0,0.0,0.0,0.0,0.0,0.0,0.0,0.0,0.0,0.0,0.0,0.0,0.0,0.0,0.0,0.0,0.0,0.0
R:B:GLN:72,0.0,2.526468592480761,0.2056010982008659,-0.9084503311258277,0.6910224017632192,0.05623460553072351,0.8496754966887424,1.9542683962115808,0.15903610661782078,0.8025165562913907,1.0082674018936286,0.08205163750162173,0.0,0.0,0.0,0.7437417218543046,3.419988834292159,0.278314744247319
R:B:THR:73,0.0,2.978757714616845,0.24240786496307434,-0.8260728476821193,0.9337773482188698,0.07598972290424544,0.40673509933774865,2.7567244328235603,0.22433905274442836,-0.29831788079470195,0.757087011768428,0.061610867246269164,0.0,0.0,0.0,-0.7176556291390737,4.232924284741089,0.3444704929774463
R:B:ARG:75,0.0,3.1430874321040796,0.25578082771549804,-0.1376953642384106,0.6308725553110478,0.051339680446760065,0.00034437086092663205,1.9708956712026875,0.1603892150666785,-0.12167549668874172,1.2300248773122722,0.10009800491581385,0.0,0.0,0.0,-0.25902649006622447,3.959089508014168,0.32218613488639175
R:B:VAL:76,0.0,2.9947172059681635,0.24370662995003045,-0.37717880794701986,0.9511827317066733,0.0774061529245315,0.7577483443708607,3.06918811864708,0.24976698687525617,-0.7330596026490067,1.4082023341989047,0.11459788071856758,0.0,0.0,0.0,-0.35249006622516593,4.612594633664049,0.3753676277865587
R:B:THR:80,0.0,2.609902895206431,0.21239088546324283,-0.1334238410596026,0.8971015806951285,0.07300509127150595,0.6952913907284762,2.5254233933603625,0.20551604110273608,-0.7103576158940398,0.9217995404586563,0.0750149827325813,0.0,0.0,0.0,-0.14849006622516578,3.852773296862167,0.31353424432481414
R:B:TYR:84,0.0,3.001905000208929,0.24429156434974614,-0.024324503311258277,0.7596793543146145,0.06182182909079597,0.18774172185430477,1.715681156687018,0.13962015242430484,-0.18890728476821195,0.8363759016847072,0.06806330559853367,0.0,0.0,0.0,-0.025490066225165874,3.637531145156155,0.2960180864348718
R:B:HISE:145,0.0,0.0,0.0,0.0,0.0,0.0,0.0,0.0,0.0,0.0,0.0,0.0,0.0,0.0,0.0,0.0,0.0,0.0
R:B:LYS:146,0.0,2.8287169654971893,0.23019772196517888,-0.6870264900662253,0.8388538487027141,0.06826495806700371,0.3792119205298011,2.1560977264675825,0.17546074457820549,0.15345033112582776,0.8123550195973469,0.066108513937314,0.0,0.0,0.0,-0.15436423841059577,3.743526884412434,0.3046438973634395
R:B:TRP:147,0.0,2.46585067475611,0.20066808201695985,-0.19395364238410595,0.7068866612188486,0.05752562065591775,-0.174549668874172,1.5350636249124245,0.12492170614331512,0.14716556291390728,0.5466375402515479,0.044484732138776475,0.0,0.0,0.0,-0.22133774834437023,3.0389704235062625,0.2473079057196299
R:B:GLU:148,0.0,2.827029207721348,0.2300603741852608,-0.11917880794701988,0.7307347430370158,0.05946635003066323,-0.2563112582781465,2.8837082611726617,0.23467285014053604,0.2144039735099338,1.621062617273746,0.13192020488827436,0.0,0.0,0.0,-0.16108609271523266,4.412446571990286,0.3590798095230061
R:B:ALA:149,0.0,2.3183911803641175,0.18866799854971644,-0.9457682119205296,0.568407965994781,0.046256384260014244,-1.9367483443708602,1.9126928075523402,0.15565273319607006,2.3407947019867543,1.2956127390670835,0.10543546940896822,0.0,0.0,0.0,-0.5417218543046353,3.321901778603909,0.2703325328599248
R:B:ALA:150,0.0,2.3018444970104244,0.1873214485552988,-1.0725960264900662,0.6100714841198135,0.04964691328020969,-1.2462980132450334,2.0623883059014636,0.16783478008472147,1.6701920529801326,1.374334767722032,0.11184177724601317,0.0,0.0,0.0,-0.6487019867549672,3.4369924181240212,0.2796984762753308
R:B:HISE:151,0.0,0.0,0.0,0.0,0.0,0.0,0.0,0.0,0.0,0.0,0.0,0.0,0.0,0.0,0.0,0.0,0.0,0.0
R:B:VAL:152,0.0,2.1496724456764844,0.17493786264298952,-0.20782119205298008,0.9063490252599532,0.073757637637504,-0.9575827814569534,2.0550362933773054,0.16723648179063136,0.895205298013245,0.5661370493382263,0.0460715796834207,0.0,0.0,0.0,-0.27019867549668847,3.160102135219954,0.25716546461800965
R:B:GLN:155,0.0,2.613026965690253,0.21264511871365505,-0.14982781456953648,0.589904105689998,0.04800571529922426,-0.32219867549668924,1.7833915702473377,0.1451303477337059,0.4737615894039735,0.9356226445496961,0.07613989098994936,0.0,0.0,0.0,0.0017350993377481592,3.351383595346519,0.27273172908079907
L:C:VAL:29,0.0,2.4484354873264103,0.1992508541631972,-0.11226490066225164,0.8228185913015595,0.06696002732635527,-1.923841059602649,2.107385149789655,0.17149657130845525,1.4382781456953644,1.3156573024681721,0.1070666728446595,0.0,0.0,0.0,-0.5978278145695369,3.583837758169668,0.2916485805706781
L:C:TYR:30,0.0,2.890603676603265,0.2352339910901218,-0.3199668874172185,1.0477275413165852,0.08526285810601202,-7.342046357615893,2.733801255294832,0.22247359101330424,6.338754966887418,1.0245176603574822,0.08337406478061496,0.0,0.0,0.0,-1.3232582781456965,4.239885417775058,0.3450369819497478
L:C:ALA:31,0.0,2.5455528231554654,0.20715415086762598,-0.5793509933774834,0.7461963916783102,0.06072460115244925,-3.4231721854304635,3.3431490943455358,0.2720616148929651,2.3978807947019867,1.8697258576520477,0.15215613240232442,0.0,0.0,0.0,-1.6046423841059605,4.659309914592992,0.37916926343338136
L:C:SER:32,0.0,2.9504110511616974,0.24010104620662742,-0.32619867549668874,0.499172536302909,0.04062208489788349,-0.9511655629139067,2.2142178033519366,0.18019048935734347,1.1691920529801325,1.3219320499970633,0.10757730455673094,0.0,0.0,0.0,-0.10817218543046254,3.9502358685661116,0.32146563592629684
L:C:GLY:33,0.0,3.3383290566257586,0.27166936578624545,-0.12860927152317883,0.7523498634303326,0.061225363581766265,-0.4657019867549669,2.528204064380388,0.2057423289011097,0.3240596026490067,0.3826283880113124,0.03113785661618191,0.0,0.0,0.0,-0.2702516556291387,4.271848719439526,0.3476381185496243
L:C:TYR:52,0.0,2.9769675631017565,0.24226218449883127,-0.2386291390728477,1.1227431454675054,0.09136754139458848,-0.12674172185430457,2.107719412408123,0.17152377321456602,0.5318410596026489,0.9788238407961402,0.07965555448099576,0.0,0.0,0.0,0.1664701986754975,3.9399829029079845,0.3206312614142207
L:C:PRO:53,0.0,2.225766561655338,0.18113031397938803,-0.14225165562913905,0.48250336016044026,0.039265566581687034,-1.0363245033112585,1.8617602888389448,0.15150790360555935,0.894450331125828,1.8527352174959406,0.15077345371570702,0.0,0.0,0.0,-0.2841258278145697,3.4764386142712977,0.28290856219203847
L:C:ASP:54,0.0,2.72590609429429,0.2218310919230661,-0.7971125827814569,0.8734431254922009,0.07107979349185625,-1.7940463576158938,2.149436020692945,0.17491862265069255,2.9545562913907286,1.3196891653643763,0.10739478119388736,0.0,0.0,0.0,0.36339735099337744,3.815117511769825,0.31046985999340265
L:C:SER:55,0.0,2.9019644405669682,0.2361585169497703,-0.6401258278145696,0.8354779718388795,0.0679902331040016,-0.21367549668874167,2.764369679306977,0.2249612140796949,0.5572649006622516,2.23806706923507,0.18213131508992936,0.0,0.0,0.0,-0.29653642384106,4.665844509411922,0.37970104121802045
L:C:ASP:56,0.0,2.9247177532294346,0.23801015527412298,-0.2125827814569536,0.5198206687428809,0.04230240608536625,0.31772185430463556,2.0726817718550956,0.16867245046410342,-0.21767549668874173,1.1471778756086783,0.09335601153279592,0.0,0.0,0.0,-0.11253642384105925,3.799501844896795,0.30919907504567395
L:C:TYR:57,0.0,2.5217371396136756,0.2052160580272205,-0.13909271523178807,0.8315641556479899,0.06767173125941182,-0.7340728476821193,2.176787526399985,0.17714445661813283,0.6496556291390728,1.1330593851911386,0.09220706507708941,0.0,0.0,0.0,-0.2235099337748349,3.615644431042107,0.2942369709002282
L:C:TYR:59,0.0,2.5799284183711615,0.20995159713261824,-0.031589403973509886,0.8762508701703146,0.07130828451327877,-0.10760264900662288,2.141335902922979,0.174259444415104,0.057973509933774835,0.6262836671192727,0.050966242021854284,0.0,0.0,0.0,-0.0812185430463584,3.521561714955552,0.28658062804811996
L:C:ASP:99,0.0,3.1167957165077875,0.2536412382441424,-0.05306622516556288,1.1767844337541864,0.0957653590650711,-0.3591192052980128,2.358561105467527,0.1919369806936021,0.18817880794701985,0.5386246946084381,0.04383265600814873,0.0,0.0,0.0,-0.22400662251655498,4.117300595272792,0.33506117057246226
L:C:SER:101,0.0,3.5104171368786714,0.28567369514643604,-0.2663841059602649,0.5296758421763115,0.04310440872529764,-0.6619735099337747,2.599220773931865,0.21152158676239927,0.681225165562914,1.2787789225428265,0.10406555284851707,0.0,0.0,0.0,-0.24713245033112563,4.5820092903720075,0.372878627848697
L:C:PHE:102,0.0,2.4503015714702365,0.19940271393713138,-0.5805496688741721,0.9170885073864172,0.07463160429827355,-0.42081456953642365,2.8740747180958985,0.23388888352324158,0.5700728476821193,1.4798486409978373,0.12042837447722249,0.0,0.0,0.0,-0.4312913907284773,4.158760224753396,0.3384351073700867
L:C:TYR:103,0.0,2.617319632535749,0.21299445098727643,-1.050046357615894,0.5507372199707987,0.044818359342794926,0.7469668874172191,1.667383084326135,0.13568971103748675,0.4953245033112584,1.254566039077202,0.10209513633672744,0.0,0.0,0.0,0.19224503311258356,3.392311282978174,0.2760623770646823
L:C:TYR:104,0.0,2.4519621215856846,0.19953784758904766,-0.7616026490066226,0.9852196419166123,0.08017603739463935,-0.1922450331125835,2.216547500838331,0.18038007745002907,0.5426092715231788,0.8601794934381649,0.07000041442316009,0.0,0.0,0.0,-0.41123841059602656,3.5546824855271475,0.2892759581317972
L:C:VAL:105,0.0,3.0225242004999373,0.2459695310723375,-0.1779867549668874,0.7413449983973934,0.06032980036635224,0.1831258278145698,2.098295107078096,0.17075683412361486,-0.27680794701986755,0.7945348727161741,0.06465833095076347,0.0,0.0,0.0,-0.271668874172185,3.836583502233022,0.3122167375229068
L:C:TYR:106,0.0,2.461058124174681,0.20027806978183546,-0.232682119205298,0.680302697083926,0.05536224833577911,-0.27056953642384085,1.9154748928359422,0.15587913608558132,0.3235364238410596,0.602583535560164,0.0490375526684382,0.0,0.0,0.0,-0.17971523178807958,3.2483487855584285,0.2643468751750761
L:D:ILE:2,0.0,3.139989273974301,0.25552870318255183,-0.020039735099337742,1.0578267172425349,0.08608471738717575,-0.034516556291390846,3.645339846377552,0.2966535495280683,0.028251655629139078,1.9276897011391383,0.15687316308790564,0.0,0.0,0.0,-0.026304635761589572,5.289897936997612,0.43048578892060224
L:D:ASP:28,0.0,2.7696441513724017,0.22539044452899026,-0.21190066225165566,0.6522634872269334,0.053080449798310794,-4.80239072847682,3.8604607855055955,0.3141598432783098,4.748317880794702,3.1689564162550745,0.25788601578971937,0.0,0.0,0.0,-0.26597350993377383,5.748201338379813,0.4677819907866424
L:D:VAL:29,0.0,2.815874504053396,0.2291526172746616,-0.21065562913907282,0.9592757618086388,0.0780647543738782,-0.34261589403973536,2.412253448335069,0.19630640158860102,0.4477549668874172,0.9205002377452906,0.07490924697732258,0.0,0.0,0.0,-0.1055165562913909,3.9389905555186435,0.320550505328967
L:D:ASN:30,0.0,2.760037446203002,0.2246086619496228,-0.26847019867549665,0.8000556901365394,0.06510760870073107,2.0720198675496686,3.2761222256934426,0.2666070456793007,-1.96005298013245,1.5071344835110425,0.12264886484973186,0.0,0.0,0.0,-0.15650331125827874,4.611109085765952,0.3752467356131164
L:D:THR:31,0.0,3.0986800501007545,0.2521670062196432,-0.9359735099337748,0.8042799384395605,0.0654513731523293,-0.8565033112582783,3.3203326804948143,0.27020484146673873,1.9472317880794705,1.2299970134635483,0.100095737387963,0.0,0.0,0.0,0.1547549668874172,4.773487827004472,0.38846093017008604
L:D:ALA:32,0.0,2.3770732220388338,0.19344347537491766,-0.26076158940397354,0.7342695931644002,0.05975401205437835,0.03772185430463622,1.9732809961881028,0.16058333006103342,0.01903973509933774,0.6505236986431637,0.052938867811293436,0.0,0.0,0.0,-0.20399999999999885,3.2413959817944784,0.2637810640291558
L:D:TYR:49,0.0,2.687093476235709,0.21867256585998948,-0.06301324503311255,1.1420332089556067,0.09293734449814646,1.4639867549668875,2.0816399472439624,0.16940145643841417,-1.389245033112583,0.3390743804290688,0.027593481745815766,0.0,0.0,0.0,0.011728476821191668,3.601792263000623,0.29310969745211635
L:D:SER:50,0.0,2.5020580525111824,0.2036145966309044,-0.3037152317880794,0.9297019515867782,0.07565807182983433,2.242933774834437,1.898172639078708,0.1544710986437446,-2.205880794701987,0.98175181523993,0.07989382966198907,0.0,0.0,0.0,-0.2666622516556292,3.4192888458558515,0.278257779996245
L:D:TYR:52,0.0,2.5183162237804866,0.20493766784487283,-0.06414569536423839,0.8210557988329161,0.0668165733097362,1.2608079470198672,2.0019615938901665,0.16291732400109324,-1.1876357615894042,1.0535731660032444,0.08573856829644311,0.0,0.0,0.0,0.009026490066224371,3.4833770779642164,0.28347320635952844
L:D:PHE:53,0.0,2.759665275783806,0.22457837515043902,-0.04921192052980136,1.0389933179226671,0.08455207708658205,-0.3767748344370859,2.3417161139466964,0.19056615472482707,0.34963576158940396,0.42354598472348554,0.03446768341268383,0.0,0.0,0.0,-0.07635099337748343,3.7892327862705755,0.3083633909064278
L:D:ARG:66,0.0,2.9050704260405205,0.23641127846291907,-0.03670860927152317,0.6114258042838203,0.04975712629210467,1.390119205298013,2.660170559287469,0.21648160995109628,-1.3629470198675497,1.2803918106951573,0.10419680782488262,0.0,0.0,0.0,-0.00953642384106057,4.186787108009481,0.34071590278299957
L:D:TYR:91,0.0,2.8779130620990467,0.23420124352829713,-0.14154966887417217,0.6968699066317912,0.05671046872818871,-0.9755033112582788,1.896562281407951,0.15434004959504904,0.9546026490066224,1.0160179320397813,0.08268236669985142,0.0,0.0,0.0,-0.16245033112582805,3.6602257014090043,0.29786494323042195
L:D:SER:92,0.0,3.834504713811889,0.3120475681203723,-0.3158543046357616,0.5773205400129057,0.046981679247403596,-0.5810993377483444,2.645394814597582,0.2152791769012583,0.7227682119205299,0.9658576910841167,0.07860038418196139,0.0,0.0,0.0,-0.17418543046357715,4.792464940997744,0.39000526580493694
L:D:ARG:93,0.0,2.4476266289831132,0.19918503020474163,-0.4145761589403974,0.9279889613512692,0.07551867066146983,-0.4405231788079472,2.4197832726364754,0.19691916999990697,0.4943311258278147,0.7882393789570911,0.0641460109344227,0.0,0.0,0.0,-0.3607682119205289,3.650850864163996,0.2971020297951374
L:D:TYR:94,0.0,2.4818994419523035,0.20197411216913658,-1.0417152317880796,0.5426180673378351,0.04415763207202421,-1.0028874172185422,2.1995588256509064,0.17899755867029526,2.0824238410596028,1.475146743727559,0.12004573950393446,0.0,0.0,0.0,0.0378211920529812,3.669928630095334,0.29865455636854343
L:D:SER:95,0.0,3.5588538214477463,0.28961541663478124,-0.48376821192052977,0.6823924873384953,0.0555323130548212,0.2700132450331122,3.0269155302546933,0.24632689241964537,-0.18812582781456952,1.3407479561031068,0.10910852127977294,0.0,0.0,0.0,-0.4018807947019872,4.908250476320555,0.39942775903877137
L:D:PRO:96,0.0,2.4667007581632667,0.20073726082353352,-0.09574834437086094,0.5658055687859789,0.0460446041786481,-1.7834304635761593,2.506467548360387,0.2039734363140126,1.5967086092715232,1.7754936656999047,0.14448762537678816,0.0,0.0,0.0,-0.28247019867549694,3.97988767428387,0.3238786656537805

