| Run on Thu Nov 28 17:00:15 2024
idecomp = 1: Per-residue decomp adding 1-4 interactions to Internal.
Energy Decomposition Analysis (All units kcal/mol): Poisson Boltzmann model

DELTAS:
Total Energy Decomposition:
Residue,Internal,,,van der Waals,,,Electrostatic,,,Polar Solvation,,,Non-Polar Solv.,,,TOTAL,,
,Avg.,Std. Dev.,Std. Err. of Mean,Avg.,Std. Dev.,Std. Err. of Mean,Avg.,Std. Dev.,Std. Err. of Mean,Avg.,Std. Dev.,Std. Err. of Mean,Avg.,Std. Dev.,Std. Err. of Mean,Avg.,Std. Dev.,Std. Err. of Mean
R:A:GLU:4,0.0,4.032578580987801,0.3281665908295652,-2.898066225165563,1.4936995196453724,0.12155554299594287,-8.829410596026488,7.712822219250472,0.6276605706579795,10.906754966887418,6.129370279573731,0.49880107930520573,0.0,0.0,0.0,-0.8207218543046356,10.749401605518138,0.8747738965266831
R:A:VAL:5,0.0,3.8011653335852533,0.30933444783527037,-2.2158543046357617,1.0313939831319832,0.08393365199188238,0.008728476821192132,2.7088517297043433,0.22044322741556868,0.7321986754966887,1.1923428442647586,0.09703148455610384,0.0,0.0,0.0,-1.474927152317881,4.926681499090715,0.40092765440014183
R:A:VAL:6,0.0,4.235624859875875,0.34469026266511965,-1.9005099337748343,1.3497638755404768,0.10984222639810717,-5.774622516556292,2.874462435812885,0.23392043554357606,4.44917880794702,0.7595618054574695,0.061812263100467335,0.0,0.0,0.0,-3.225953642384106,5.348069642826441,0.4352197352036554
R:A:ARG:7,0.0,6.059715074685362,0.4931326191220562,-3.241549668874172,1.480631356188723,0.12049207093610725,-24.443370860927157,8.957146677265252,0.7289222589478901,30.79447682119205,6.322237608540432,0.5144963999439178,0.0,0.0,0.0,3.109556291390728,12.614023187555398,1.0265146488704375
R:A:HISE:8,0.0,4.101707611292913,0.3337922315323994,-3.713609271523178,1.1907194451918637,0.09689937421315367,-9.574721854304634,3.210942869627647,0.26130282490765266,9.44213907284768,1.4697336208563787,0.1196052258120868,0.0,0.0,0.0,-3.8461920529801317,5.5418488931027765,0.45098926694607644
R:A:CYS:9,0.0,5.194776429977447,0.4227449104612092,-0.46041059602649,1.6247461115843485,0.1322199634040661,16.6696821192053,9.243817518751978,0.7522512011747016,-15.060185430463575,6.957203529792563,0.566169193786716,0.0,0.0,0.0,1.1490860927152313,12.785786849447389,1.040492577438835
R:B:GLN:43,0.0,3.9074385872966735,0.31798284256991166,-0.24935761589403976,1.22150496411266,0.0994046642126562,1.3665364238410598,5.695788228196231,0.46351667237107236,-1.2760728476821193,4.424493577109741,0.360060180895903,0.0,0.0,0.0,-0.15889403973509908,8.293268212543895,0.6748965956861944
R:B:ARG:44,0.0,5.659377120934448,0.4605535784850006,-0.25867549668874174,1.5237652139558648,0.12400225449942492,7.984960264900662,7.923411659658146,0.6447980962722637,-7.868,6.042732287220918,0.49175057947842343,0.0,0.0,0.0,-0.14171523178807646,11.560513641168674,0.9407812578649619
R:B:PRO:57,0.0,3.2416257873189473,0.26379976533751326,-0.1471456953642384,0.8065582799920457,0.0656367819583844,0.02020529801324495,1.857212028768327,0.1511377714502635,-0.0017748344370861209,0.851813071097028,0.06931956462891785,0.0,0.0,0.0,-0.12871523178807923,3.9158008161713775,0.31866335110469535
R:B:GLU:58,0.0,3.8135133551615077,0.31033931558001165,-1.132933774834437,1.2276824062119425,0.09990737732116851,-36.461158940397354,7.4425547911465495,0.6056665192807059,36.14398675496688,7.215588637398186,0.587196275635496,0.0,0.0,0.0,-1.4501059602649,11.113344654238247,0.9043911617965247
R:B:TYR:59,0.0,4.381241076206004,0.356540342291058,-0.13876158940397346,1.0494876487591602,0.08540609361830849,-0.19158278145695357,2.0063297868354715,0.1632728025015507,0.15113907284768213,1.1718292926264515,0.0953621153989378,0.0,0.0,0.0,-0.17920529801324486,5.069047326404978,0.4125132211193173
R:B:TRP:60,0.0,4.972294993906249,0.40463962796465175,-0.1375099337748343,1.504499947407896,0.1224344693422362,0.6416556291390727,2.264362182008829,0.18427118101966647,-0.7337615894039735,0.92663331519007,0.0754083497414537,0.0,0.0,0.0,-0.2296158940397362,5.742231534021197,0.46729617499782605
R:B:ASP:61,0.0,4.982256733834077,0.4054503028629064,-1.4770132450331126,1.5385014661864418,0.12520147369850335,-18.465185430463578,10.032778786841341,0.8164559586135598,20.659529801324503,8.661800472513738,0.7048873256710255,0.0,0.0,0.0,0.7173311258278141,14.243360085830366,1.1591082051970543
R:B:GLY:62,0.0,2.3071566722221917,0.18775374724312943,-0.2998476821192053,0.6224739752944402,0.050656213698001926,0.49947019867549614,1.6836960025044936,0.1370172374917294,-0.5825231788079471,0.8635628265537283,0.07027574616732246,0.0,0.0,0.0,-0.3829006622516558,3.048117245834437,0.24805226356413979
R:B:GLU:63,0.0,4.071220175702538,0.3313111992103017,-0.13300000000000012,1.8381008993013566,0.1495825297908333,-7.256615894039736,8.689363675693464,0.7071303873344681,6.8023576158940395,6.033886130009393,0.491030689414102,0.0,0.0,0.0,-0.5872582781456945,11.483304034703629,0.9344980292002103
R:B:THR:64,0.0,4.224793614864268,0.3438088284466628,-0.6375099337748344,1.4176831329229835,0.11536941717672636,1.0268543046357617,2.8488325424570857,0.23183470440232753,-0.5930264900662251,0.7773155256013802,0.0632570403558041,0.0,0.0,0.0,-0.20368211920529763,5.345911787045842,0.43504413139066106
R:B:ARG:65,0.0,5.6553455182850865,0.4602254913143604,-5.2786490066225165,1.8552368806302701,0.1509770361743521,6.332887417218544,8.095998094182248,0.6588429811278815,-2.882913907284768,5.35733317319842,0.4359735906140747,0.0,0.0,0.0,-1.8286754966887424,11.387319293147653,0.9266869017105718
R:B:LYS:66,0.0,4.495009499480624,0.36579868527440573,-0.4898476821192052,1.3149221618565832,0.10700684795013099,8.90098013245033,8.235616033426044,0.670204927887283,-8.371774834437087,6.863088932516276,0.5585102564801822,0.0,0.0,0.0,0.0393576158940411,11.698781639034646,0.9520333479530343
R:B:LYS:68,0.0,4.947613956809882,0.40263111365069915,-0.9830331125827814,1.3392039920452696,0.1089828752666704,-5.243463576158939,10.625193359429579,0.8646659728115755,6.653609271523179,10.34778863507774,0.8420910965029633,0.0,0.0,0.0,0.42711258278145675,15.692157747086295,1.2770096867795266
R:B:ALA:69,0.0,3.155170342303604,0.25676412100237217,-1.1516026490066227,0.8290000252089336,0.06746306528360303,-0.7458940397350998,2.423502914566701,0.19722187016726486,1.0421125827814568,0.6546651135862429,0.05327589137965946,0.0,0.0,0.0,-0.8553841059602662,4.116344703570006,0.334983381208906
R:B:HISE:70,0.0,3.928677436031892,0.31971123556774234,-0.2877748344370861,1.2843836849290158,0.10452166194292062,-0.06979470198675451,2.582097961930384,0.2101281520835479,0.2127682119205298,1.3329126092682588,0.1084708897973061,0.0,0.0,0.0,-0.1448013245033104,5.0525274621172835,0.4111688536295382
R:B:SER:71,0.0,4.733322459642005,0.385192318929898,-0.16115231788079476,1.0069050806794948,0.0819407733735016,0.07742384105960276,6.58799130722397,0.5361231292303591,-0.0090066225165563,2.5484426894817034,0.2073893248539944,0.0,0.0,0.0,-0.0927350993377483,8.562382200887845,0.6967967814670127
R:B:GLN:72,0.0,4.297520235890337,0.3497272369303067,-2.4407615894039734,1.2943563591780036,0.10533322666361168,-5.36771523178808,2.9416170151219725,0.23938539770311285,7.287847682119207,2.009700467644483,0.16354710461560823,0.0,0.0,0.0,-0.520629139072847,5.730274443317442,0.46632312075630644
R:B:THR:73,0.0,4.148589092483054,0.3376073923646628,-1.632993377483444,1.29120843107946,0.10507705190804806,-0.27841059602649004,2.7299445517370797,0.2221597369288842,1.3690662251655628,0.7749706084001122,0.0630662137002875,0.0,0.0,0.0,-0.542337748344371,5.189526700018322,0.42231769349596915
R:B:ARG:75,0.0,5.953504816081487,0.48448935085656286,-0.5952781456953643,1.2707721580695184,0.10341397159646935,5.770311258278147,9.74148796656936,0.7927510478452277,-5.186278145695365,8.081922313686341,0.6576975103563051,0.0,0.0,0.0,-0.011245033112582079,14.045395599986033,1.1429980838143858
R:B:VAL:76,0.0,4.731906037560395,0.3850770521356218,-2.0467615894039732,1.1188368346019775,0.09104965032471458,0.7105894039735098,3.207014130751621,0.2609831086721691,-0.7493509933774836,1.2699066865326478,0.10334354052165934,0.0,0.0,0.0,-2.0855231788079474,5.961571373229007,0.4851457979674298
R:B:GLY:79,0.0,2.6171856705914793,0.21298354931886032,-0.08914569536423836,0.7206535903597263,0.058645957460674414,0.12298675496688684,2.6411446642661742,0.21493330457248414,-0.14421854304635764,1.3202971455726706,0.10744425792155447,0.0,0.0,0.0,-0.1103774834437093,4.010963989097479,0.32640762028742587
R:B:THR:80,0.0,4.531758628328185,0.36878928696700974,-0.29513245033112584,1.3804231019976898,0.1123372388626803,-0.06698675496688776,5.559416469530719,0.4524188960406404,0.059907284768211916,1.3705704400932486,0.11153544060807945,0.0,0.0,0.0,-0.3022119205298016,7.431552934542193,0.6047712008877378
R:B:HISE:145,0.0,4.725245632572476,0.3845350360646308,-0.2944900662251655,1.049264767136854,0.08538795576911799,-0.7299801324503304,3.3660483352574837,0.2739251286898415,0.7641854304635761,2.3157138539724875,0.18845012081792925,0.0,0.0,0.0,-0.26028476821191987,6.334170418331813,0.5154674782328116
R:B:LYS:146,0.0,4.672379814825134,0.3802328768300021,-2.206019867549669,1.4585953300143315,0.11869880455831736,-30.832370860927153,8.128852359357582,0.661516623309991,30.120874172185427,5.936329373677646,0.4830916331763094,0.0,0.0,0.0,-2.9175165562913903,11.192715514286348,0.9108502707835132
R:B:TRP:147,0.0,4.601701167180857,0.37448113005655553,-0.4169470198675496,1.2081187426953983,0.09831530896306391,-1.6911324503311254,2.248206947901584,0.18295648671314424,1.411099337748344,0.8247580682515341,0.06711785972214947,0.0,0.0,0.0,-0.6969801324503312,5.326336910131064,0.43345115049914984
R:B:GLU:148,0.0,4.299676446693167,0.3499027068769087,-0.15513245033112583,1.577403382652604,0.1283672667629276,0.3325364238410589,13.956596854324252,1.1357717443770945,-0.38105960264900673,12.939039892993781,1.0529641332497957,0.0,0.0,0.0,-0.2036556291390739,19.57500365477539,1.5929912054659479
R:B:ALA:149,0.0,2.8092040298070486,0.22860978177904084,-1.4050529801324503,0.7642794534298033,0.06219617984771037,-2.145662251655629,1.9450376583025977,0.1582849198201936,3.149205298013245,1.3071318422064242,0.10637288072798723,0.0,0.0,0.0,-0.401509933774835,3.7373139430805558,0.304138295368349
R:B:ALA:150,0.0,2.88291262242621,0.23460810197761467,-1.9509867549668873,0.9066742949334726,0.07378410770813383,-1.2259072847682122,1.7056457119717954,0.13880347951551641,1.995430463576159,1.235578745336876,0.10054997228580993,0.0,0.0,0.0,-1.181463576158941,3.683629405400806,0.29976950965052446
R:B:HISE:151,0.0,4.370024847167485,0.35562757851680993,-0.6469668874172186,1.2556047678356874,0.10217966688427235,-0.8937417218543047,2.777430334960451,0.22602407516317308,1.0569602649006622,2.2269179816577958,0.18122401521030787,0.0,0.0,0.0,-0.48374834437086095,5.7746812431910275,0.46993689487911494
R:B:VAL:152,0.0,4.16341541032752,0.33881394099945267,-0.40233774834437075,1.276676318551377,0.10389444536235629,-0.8009337748344371,2.405644616496019,0.1957685824809432,0.9638543046357614,0.4818877763077939,0.03921547107821808,0.0,0.0,0.0,-0.23941721854304626,4.998326935198789,0.4067580773029795
R:B:GLN:155,0.0,4.623501330442909,0.376255202182754,-1.617026490066225,1.0678058400923982,0.08689680688756359,-2.2837019867549677,2.6164832916178002,0.21292639052861398,3.434,2.0695092025123647,0.16841427043252685,0.0,0.0,0.0,-0.4667284768211925,5.800502307502451,0.47203818329209735
L:C:ASN:28,0.0,6.67072546852225,0.5428559397914242,-0.38037748344370875,1.4206948545183233,0.11561450760425829,-0.47636423841059655,6.07301876648811,0.4942152582068687,0.7074569536423841,3.3431638747042443,0.2720628177014984,0.0,0.0,0.0,-0.14928476821192152,9.724980913980783,0.7914077229567362
L:C:VAL:29,0.0,4.186091887233789,0.34065932651864395,-0.1861721854304636,1.4199191273250398,0.11555137982055338,-1.1355827814569535,2.8220808753466047,0.2296576846075878,0.8421655629139074,0.6563972225065481,0.05341684840452736,0.0,0.0,0.0,-0.4795894039735098,5.285312989522893,0.43011267118670243
L:C:TYR:30,0.0,4.539566250795558,0.3694246622724488,-2.540251655629139,1.6518550020402663,0.13442605362237786,-9.819728476821192,3.4911658751168453,0.2841070496825804,7.904887417218543,2.079050784505801,0.16919075336299455,0.0,0.0,0.0,-4.455092715231788,6.3124462790000875,0.5136995928463222
L:C:ALA:31,0.0,3.382423754937038,0.275257741444117,-1.7146887417218544,0.959106549626395,0.07805098408177885,-0.6242649006622518,2.1875870678694525,0.17802331083892015,0.35239072847682124,0.713726950463237,0.05808227550009173,0.0,0.0,0.0,-1.986562913907285,4.201859013677855,0.3419424370714606
L:C:SER:32,0.0,3.9206359538161712,0.31905682902588567,-0.44177483443708626,1.373022893366183,0.1117350184249984,-2.0683178807947016,3.088489210538686,0.25133768745756324,2.5337152317880793,1.0794395007214308,0.0878435407628803,0.0,0.0,0.0,0.02362251655629187,5.2877720627307,0.4303127877262811
L:C:GLY:33,0.0,3.337614757680982,0.2716112369625083,-0.13154304635761585,0.8302251690494499,0.06756276607537771,-0.11393377483443713,2.1688310674448745,0.1764969691710973,-0.07342384105960265,0.3290118429057635,0.02677460405557401,0.0,0.0,0.0,-0.31890066225165525,4.079341012210108,0.33197206351284453
L:C:TYR:52,0.0,5.041339069329383,0.41025835513723896,-1.5816423841059604,1.493456900723803,0.12153579894811761,0.6619072847682119,2.3964197088736405,0.19501787014531105,0.1612251655629139,1.3679462753792713,0.11132188911226452,0.0,0.0,0.0,-0.7585099337748346,5.937980932915535,0.48322603516098644
L:C:PRO:53,0.0,3.6052245308090702,0.293389011445109,-0.27241721854304635,0.9368900754902025,0.07624303305711672,0.5850264900662252,1.3526980446176022,0.11008100569121196,-0.395543046357616,1.3094582784598598,0.10656220342529851,0.0,0.0,0.0,-0.08293377483443753,4.173712964979607,0.3396519441123961
L:C:ASP:54,0.0,4.334076383374614,0.35270213402229084,-2.400006622516556,1.789209034312731,0.14560376624527918,-37.535509933774826,5.298333277072474,0.4311722471604755,40.844172185430466,5.107736540243304,0.4156617046893733,0.0,0.0,0.0,0.9086556291390732,8.726213104483643,0.7101291513206438
L:C:SER:55,0.0,3.661780995252238,0.29799151124838413,-1.134841059602649,1.3768136740586452,0.11204350778272423,-1.6337019867549663,3.5960612454993583,0.29264331386216186,1.3874701986754967,2.0926829603513917,0.17030012410010265,0.0,0.0,0.0,-1.3810728476821197,5.7109749083841015,0.46475254687746614
L:C:ASP:56,0.0,3.8474177577966024,0.3130984167366087,-0.31416556291390724,1.0367173543721806,0.08436686179958508,0.18159602649006712,5.0404889774758574,0.41018917564330953,0.0045562913907275515,4.539571196098308,0.3694250647154791,0.0,0.0,0.0,-0.12801324503311237,7.867124128445294,0.6402174819448897
L:C:TYR:57,0.0,4.214796619021276,0.34299528446272176,-1.30817880794702,1.2355205994301177,0.10054524043902545,-0.21049668874172137,2.896661207289867,0.23572694594626267,0.9601390728476821,2.1242865152138384,0.17287198492042266,0.0,0.0,0.0,-0.5585364238410592,5.673998681694125,0.46174346422454526
L:C:TYR:59,0.0,4.912060876985131,0.39973784504718396,-0.203615894039735,1.2977670337174465,0.10561078342129401,0.05292715231788035,2.6162098923405717,0.2129041416109695,-0.06527814569536416,1.3595080433080586,0.11063519552506597,0.0,0.0,0.0,-0.21596688741721867,5.874126118292974,0.47802960404330525
L:C:SER:100,0.0,3.648960370087031,0.2969481835690164,-0.18473509933774832,1.2096482341578885,0.09843977721306026,-0.8394569536423838,5.236029018774018,0.42610199852691744,0.29723841059602646,1.641590719953691,0.13359075819241523,0.0,0.0,0.0,-0.7269536423841056,6.699923925698609,0.5452320765378288
L:C:SER:101,0.0,5.232427796449696,0.4258089352104172,-0.3145827814569536,1.0493928491193452,0.08539837893303077,-2.0935827814569534,5.30356282463821,0.43159782170583455,1.7290927152317885,1.5120819332644304,0.12305148260069759,0.0,0.0,0.0,-0.6790728476821196,7.674222853464145,0.6245193988186996
L:C:PHE:102,0.0,4.367971802584404,0.35546050411810454,-1.2836225165562913,1.4362023178364776,0.11687648707157139,-0.2620066225165558,1.955456253293762,0.15913277305623566,0.7719933774834437,0.8803737755848431,0.0716438017975736,0.0,0.0,0.0,-0.7736357615894045,5.073531502732048,0.41287813821352376
L:C:TYR:103,0.0,4.554700818686024,0.37065629594022376,-6.684529801324503,1.084126237193406,0.08822494196789983,-0.5543311258278141,1.9658658363128898,0.1599798929083943,3.9463576158940397,1.3675368545171958,0.1112885709150308,0.0,0.0,0.0,-3.292503311258279,5.258841581637085,0.42795845856421294
L:C:TYR:104,0.0,4.6023407146834225,0.37453317569419786,-1.193251655629139,1.4221237081333795,0.11573078606237891,0.6406953642384107,2.431470633073381,0.1978702739036122,-0.3391986754966888,1.3429789214622663,0.10929007466589316,0.0,0.0,0.0,-0.8917549668874171,5.560541135380438,0.452510420049488
L:C:VAL:105,0.0,4.408366589175868,0.35874778523037026,-0.24941059602649007,1.3217540875957077,0.1075628221818991,-0.1529271523178807,2.275926768001264,0.1852122936807775,0.12494039735099338,0.7467666609173429,0.06077100900496095,0.0,0.0,0.0,-0.2773973509933775,5.188278418878497,0.42221610981748
L:C:TYR:106,0.0,4.0241279864479385,0.3274788911989357,-3.6107814569536427,1.0956003441974254,0.08915869155335746,-1.033847682119206,2.2058502554178023,0.17950954796364219,2.678927152317881,0.7995329392915819,0.06506506784028714,0.0,0.0,0.0,-1.9657019867549668,4.785287288748512,0.38942115674878713
L:D:ASP:28,0.0,8.37975214641515,0.68193455841155,-0.39780794701986755,1.2903943249908865,0.10501080089413842,-4.893509933774833,14.327695932151087,1.1659713590367045,5.382437086092715,10.735169696416502,0.8736157201893641,0.0,0.0,0.0,0.09111920529801414,19.809394303823527,1.6120656459698732
L:D:VAL:29,0.0,4.189607979091135,0.3409454620159927,-0.20924503311258275,1.4384021625379346,0.11705550789448486,0.1226026490066227,2.5613671413398365,0.2084411018298036,-0.09169536423841058,0.8728205793760194,0.07102913140741612,0.0,0.0,0.0,-0.17833774834437083,5.190783485773183,0.4224199692702145
L:D:ASN:30,0.0,4.229517700989463,0.3441932691233553,-0.5874834437086093,1.2915338089525796,0.10510353078383648,2.3572781456953638,5.065174251491628,0.4121980347528733,-1.6675099337748343,3.3345575315652902,0.27136244342962795,0.0,0.0,0.0,0.10228476821192124,7.505474248303257,0.6107868320873333
L:D:THR:31,0.0,5.18346677432537,0.42182454373697564,-3.0814768211920534,0.9933302390972962,0.0808360684325776,-2.4497615894039733,5.00179140352925,0.40704001173729026,4.6735629139072845,1.5760703927767907,0.12825878958526804,0.0,0.0,0.0,-0.8576754966887412,7.4402249893297485,0.6054769226977322
L:D:ALA:32,0.0,2.885939491174691,0.2348544250629876,-0.41344370860927154,0.9795273337445665,0.07971280392522138,-0.04786754966887357,1.9150669806945306,0.15584594066629398,0.07260264900662251,0.5788486743669055,0.047106037057477276,0.0,0.0,0.0,-0.38870860927152223,3.6456368267611574,0.2966777174489343
L:D:TYR:49,0.0,4.881870373887542,0.3972809767486527,-0.28341059602648994,1.3649152869455656,0.11107523077166266,2.0592052980132447,2.790042034012168,0.2270504006765513,-1.9255629139072847,1.1960769688584147,0.09733536330589694,0.0,0.0,0.0,-0.14976821192052994,5.9085181522076144,0.4808283880706453
L:D:SER:50,0.0,3.7147611596001706,0.3023029758773988,-0.9858145695364239,1.0399004195982344,0.08462589597403292,1.9274966887417224,2.3848909411344605,0.19407967233231124,-1.0173046357615894,1.140467407413506,0.09280992137577769,0.0,0.0,0.0,-0.07562251655629111,4.676453149987957,0.3805643601444233
L:D:TYR:52,0.0,4.121370477358211,0.33539237287942963,-1.6459205298013244,1.2834927819539976,0.10444916128702515,0.7093112582781456,2.4907269906371745,0.20269248789303543,0.20476821192052966,1.4836306800927592,0.12073615245382936,0.0,0.0,0.0,-0.7318410596026498,5.199800887511836,0.4231537950165164
L:D:ARG:66,0.0,5.742558465841527,0.467322780332045,-0.08085430463576164,1.6100456237282166,0.13102365466850355,-49.06121854304636,9.90695506675962,0.8062165694893441,43.9496357615894,7.037302095379478,0.5726875226105916,0.0,0.0,0.0,-5.192437086092715,13.53663932150521,1.1015960850388797
L:D:TYR:91,0.0,4.10861586890645,0.3343544175640108,-0.39506622516556295,1.4500375751488133,0.1180023843440622,-0.7887284768211921,2.768927324427151,0.22533210997949213,0.9560662251655628,1.1911186085279657,0.09693185766476212,0.0,0.0,0.0,-0.22772847682119182,5.298023725420098,0.4311470562042658
L:D:SER:92,0.0,4.773670509313086,0.3884757966455232,-0.11949006622516552,1.1022777049607595,0.08970208746578273,-3.4758741721854305,3.7949879604574064,0.30883174033957383,2.3223443708609275,1.4188416570030051,0.11546369652927936,0.0,0.0,0.0,-1.2730198675496691,6.357514572378322,0.5173671985470941
L:D:ARG:93,0.0,5.519604914468429,0.449179077637098,-2.0797947019867546,1.5951867488324736,0.12981445657845553,5.379172185430464,6.35387705732306,0.5170711817700363,3.575536423841059,4.896704714159606,0.39848817823934163,0.0,0.0,0.0,6.874913907284766,9.867123688934075,0.8029751379322059
L:D:TYR:94,0.0,4.098916605505489,0.33356510270258244,-5.908192052980132,1.2062273114250774,0.09816138646922931,-6.109496688741722,2.5236747152725068,0.2053737356981358,7.084403973509935,1.3182862583363555,0.10728061423907413,0.0,0.0,0.0,-4.93328476821192,5.13448287494862,0.41783829053913496
L:D:SER:95,0.0,5.8346551936290645,0.4748175057484537,-1.2249801324503313,0.8160519469087164,0.06640936561520483,0.8618476821192054,5.263449782609503,0.42833346864091815,0.5003774834437087,2.407799443747073,0.19594393983569855,0.0,0.0,0.0,0.1372450331125838,8.258967476867605,0.672105241404122
L:D:PRO:96,0.0,3.771278095729619,0.30690225891212397,-0.17437748344370857,1.0163498680767966,0.08270937927144875,-0.41838410596026515,1.9992854856298798,0.16269954539942888,0.36953642384105956,1.3786721463300682,0.11219474811126726,0.0,0.0,0.0,-0.22322516556291472,4.599280907901408,0.3742841721496705

Sidechain Energy Decomposition:
Residue,Internal,,,van der Waals,,,Electrostatic,,,Polar Solvation,,,Non-Polar Solv.,,,TOTAL,,
,Avg.,Std. Dev.,Std. Err. of Mean,Avg.,Std. Dev.,Std. Err. of Mean,Avg.,Std. Dev.,Std. Err. of Mean,Avg.,Std. Dev.,Std. Err. of Mean,Avg.,Std. Dev.,Std. Err. of Mean,Avg.,Std. Dev.,Std. Err. of Mean
R:A:GLU:4,0.0,2.788848906585317,0.2269533053435698,-1.9846158940397352,1.3826079465053527,0.11251503898713486,-7.14158940397351,6.791508794780005,0.5526851474834794,8.548609271523178,5.618149911426533,0.4571985557565124,0.0,0.0,0.0,-0.5775960264900667,9.347592368858303,0.760696278707425
R:A:VAL:5,0.0,2.6387365697989877,0.21473733662398142,-1.1434701986754967,0.6611354280388768,0.053802438102276834,0.6611523178807946,1.1213436623711528,0.09125365307538277,-0.4156092715231787,0.5588284805251288,0.045476816788397344,0.0,0.0,0.0,-0.8979271523178806,2.99495102110012,0.24372565755561768
R:A:VAL:6,0.0,2.899107490879482,0.23592602168147367,-1.1724238410596026,0.7309341294780899,0.05948257586912139,1.3338013245033111,0.9229220406458779,0.07510633050231423,-1.0194238410596026,0.549425732628054,0.044711632016459925,0.0,0.0,0.0,-0.858046357615894,3.1769077219984285,0.2585330838743296
R:A:ARG:7,0.0,5.341413801913474,0.4346780905518165,-2.242291390728477,1.322896076429972,0.10765575591523609,-23.209317880794703,8.717613119651805,0.7094292944804681,29.45390066225166,5.9056303934408465,0.48059338559503423,0.0,0.0,0.0,4.002291390728475,11.880825067315953,0.9668478320460806
R:A:HISE:8,0.0,4.101707611292913,0.3337922315323994,-3.713609271523178,1.1907194451918637,0.09689937421315367,-9.574721854304634,3.210942869627647,0.26130282490765266,9.44213907284768,1.4697336208563787,0.1196052258120868,0.0,0.0,0.0,-3.8461920529801317,5.5418488931027765,0.45098926694607644
R:A:CYS:9,0.0,2.5572068758379864,0.20810254422472066,-0.05680132450331128,0.5157643849181204,0.04197231038915722,0.5331920529801325,1.6683405795763013,0.13576763089587812,-0.512317880794702,0.4897809287692248,0.03985780671586145,0.0,0.0,0.0,-0.035927152317880934,3.1350543143987273,0.25512710186784143
R:B:GLN:43,0.0,2.905084308082736,0.236412408167493,-0.1652317880794702,0.9952903018985402,0.0809955760811895,0.6362119205298014,4.900695658486458,0.3988129566826207,-0.5693245033112582,3.9732149415444122,0.32333564636459694,0.0,0.0,0.0,-0.09834437086092669,7.016649665683874,0.5710068517174052
R:B:ARG:44,0.0,4.373979471768848,0.3559494013027461,-0.21439735099337745,1.3589562667702295,0.11059029258723536,7.626781456953642,7.867290072901863,0.6402309863132449,-7.559152317880795,6.69397775270916,0.5447481838425617,0.0,0.0,0.0,-0.14676821192053416,11.299648215736397,0.9195523306140404
R:B:PRO:57,0.0,2.1763231955439557,0.17710666990896404,-0.054615894039735095,0.4257326099375606,0.034645628448971066,2.3057284768211916,1.0060885096721508,0.08187432176734723,-2.290549668874172,0.9821594785274683,0.0799270048298354,0.0,0.0,0.0,-0.039437086092715394,2.625734609053737,0.21367925206439334
R:B:GLU:58,0.0,2.660123578307246,0.21647778669314754,-0.8026688741721855,0.911886536227907,0.07420827388910795,-35.078278145695364,6.794867747245482,0.5529584951584762,34.59191390728476,7.167911572208748,0.5833163710955716,0.0,0.0,0.0,-1.2890331125827814,10.269224825486141,0.8356976643506896
R:B:TYR:59,0.0,3.3745271694153027,0.27461512642798824,-0.049072847682119274,0.942730539702696,0.07671832329411603,0.2092913907284768,1.3179687775216813,0.10725477801678782,-0.21459602649006626,0.8504526399632669,0.06920885431335708,0.0,0.0,0.0,-0.05437748344370874,3.8388130820544877,0.3123981781555686
R:B:TRP:60,0.0,4.003538192681632,0.3258033175453859,-0.04631125827814581,1.2001702213231549,0.09766846746736114,0.3499470198675496,1.6766440435075791,0.13644335720738776,-0.35163576158940396,0.7517505703671706,0.06117659380394398,0.0,0.0,0.0,-0.04800000000000001,4.565631477582065,0.37154582034586003
R:B:ASP:61,0.0,3.126359894354263,0.254419559999052,-0.873543046357616,1.2628159082957475,0.10276650117236982,-17.820311258278146,8.724664886613768,0.7100031591372271,19.408019867549672,8.048776801744353,0.6550001668484599,0.0,0.0,0.0,0.7141655629139073,12.339830452452777,1.0042011605398964
R:B:GLY:62,0.0,0.3122654020697237,0.025411798027787688,-0.010218543046357617,0.021929211381817373,0.0017845739132476128,0.8246026490066225,0.5434516704202318,0.044225469728789255,-0.7911192052980133,0.487535190517459,0.039675051128790655,0.0,0.0,0.0,0.02326490066225168,0.7943682091555715,0.06464476806255186
R:B:GLU:63,0.0,3.043871462510524,0.24770674661739542,-0.04228476821192053,1.4968538568302228,0.12181223931555327,-6.581960264900662,7.792629250225082,0.6341551747315726,6.235847682119205,5.64830589219267,0.45965261466755314,0.0,0.0,0.0,-0.3883973509933767,10.204614398997906,0.8304397424114487
R:B:THR:64,0.0,2.71544339424193,0.2209796494680466,-0.3350927152317881,1.1054811295467097,0.08996277846144174,0.806682119205298,1.5313671979139154,0.12462089518030743,-0.5720927152317881,0.5129224705675529,0.041741038679226426,0.0,0.0,0.0,-0.10050331125827804,3.347222178280946,0.2723930777627894
R:B:ARG:65,0.0,4.799236831645299,0.390556354450241,-4.315264900662251,1.5835335785387994,0.12886613502914682,6.268046357615893,7.693405882403473,0.6260804915742094,-3.322245033112583,5.606231214584767,0.45622862596317026,0.0,0.0,0.0,-1.3694635761589395,10.777688771873386,0.8770758734778072
R:B:LYS:66,0.0,3.7688093781180885,0.3067013575221011,-0.2570794701986755,1.1180587982867771,0.0909863346273331,9.157509933774834,8.018217996412266,0.6525133265391512,-8.573264900662252,6.914938199707649,0.5627296900037904,0.0,0.0,0.0,0.327165562913907,11.294342377880305,0.9191205476529005
R:B:LYS:68,0.0,4.0590291041319215,0.33031910387587965,-0.7369337748344372,0.9377380212325122,0.07631203790299228,-4.882278145695365,10.385204720314725,0.845135974336789,6.2222649006622515,10.48326661603402,0.8531161382349474,0.0,0.0,0.0,0.60305298013245,15.333180553634516,1.2477965370802147
R:B:ALA:69,0.0,1.3040993490314319,0.10612609993327612,-0.4055099337748344,0.37262469482657307,0.030323767610299052,-0.029695364238410595,0.36492011414361886,0.029696777726353117,0.01616556291390728,0.06568102345612287,0.00534504588488706,0.0,0.0,0.0,-0.4190397350993377,1.4060600847359392,0.11442354692969059
R:B:HISE:70,0.0,3.928677436031892,0.31971123556774234,-0.2877748344370861,1.2843836849290158,0.10452166194292062,-0.06979470198675451,2.582097961930384,0.2101281520835479,0.2127682119205298,1.3329126092682588,0.1084708897973061,0.0,0.0,0.0,-0.1448013245033104,5.0525274621172835,0.4111688536295382
R:B:SER:71,0.0,2.5556174833828065,0.20797320130107233,-0.04131125827814569,0.5613503594393767,0.045682044383880675,0.08507284768211917,3.6804951130971073,0.2995144445602079,-0.07321854304635761,2.1597401564838288,0.17575716132911576,0.0,0.0,0.0,-0.029456953642384136,5.00567845236538,0.4073563352854426
R:B:GLN:72,0.0,3.1655147113457165,0.2576059338163462,-1.5174437086092714,0.9770097377805824,0.07950792487128748,-6.0881125827814575,2.4418802916245963,0.19871739990248496,6.452615894039735,1.747031483400071,0.1421714058300836,0.0,0.0,0.0,-1.1529403973509937,4.4710099282018945,0.3638456278621972
R:B:THR:73,0.0,2.5096464520582016,0.20423213182809524,-0.7662450331125829,0.9101023683427706,0.07406308036576453,-0.5590596026490067,1.6936253718646501,0.13782527811054654,1.6450728476821193,0.6778941511433618,0.05516624364689398,0.0,0.0,0.0,0.3197682119205293,3.233344864930045,0.2631258734307064
R:B:ARG:75,0.0,5.093465271303951,0.41450032529388675,-0.4580198675496689,0.9828582127610397,0.07998386701533827,5.6615165562913905,9.764134646731375,0.7945940085397605,-5.003721854304635,8.173731094949435,0.6651688030168802,0.0,0.0,0.0,0.19977483443708738,13.749821967880695,1.118944642761946
R:B:VAL:76,0.0,3.0800225923131226,0.2506486838378847,-1.7173046357615893,0.7632207472540807,0.062110023561007095,0.03766225165562919,1.1176087507561296,0.09094971027869916,-0.03394039735099336,0.5769757694660502,0.04695362221820808,0.0,0.0,0.0,-1.7135827814569535,3.4133554512408963,0.27777492719034647
R:B:GLY:79,0.0,0.34586370060928506,0.02814598878637198,-0.006629139072847681,0.030976818183426923,0.0025208577127125422,-0.16260927152317883,0.8780508399220569,0.07145476397428926,0.15419205298013247,0.8226110366868713,0.06694313677135547,0.0,0.0,0.0,-0.015046357615894047,1.2522952758158905,0.10191034424326176
R:B:THR:80,0.0,2.7689435019538426,0.22533342648794344,-0.20660927152317876,1.138899245280074,0.0926823061512108,-0.5529735099337747,3.7637915348689237,0.3062930112296918,0.5470993377483443,0.9027166561794462,0.07346203963393262,0.0,0.0,0.0,-0.212483443708609,4.893379577266279,0.3982175824365793
R:B:HISE:145,0.0,4.725245632572476,0.3845350360646308,-0.2944900662251655,1.049264767136854,0.08538795576911799,-0.7299801324503304,3.3660483352574837,0.2739251286898415,0.7641854304635761,2.3157138539724875,0.18845012081792925,0.0,0.0,0.0,-0.26028476821191987,6.334170418331813,0.5154674782328116
R:B:LYS:146,0.0,3.423500972055073,0.2786005579650264,-1.6099933774834438,1.2497123402176995,0.10170014792530606,-31.427364238410597,7.670465109182402,0.62421359792595,30.33458940397351,5.762599085473727,0.4689536628283757,0.0,0.0,0.0,-2.70276821192053,10.26283211643071,0.8351774330657303
R:B:TRP:147,0.0,4.021678224325188,0.3272795323847128,-0.23211258278145686,0.9165713070105627,0.07458951512859929,-1.4117880794701987,1.2916326347039717,0.10511157310942772,1.1905695364238411,0.8384195431764736,0.0682296147845202,0.0,0.0,0.0,-0.4533311258278143,4.4028696204020195,0.35830044825573193
R:B:GLU:148,0.0,3.015821641817611,0.24542408458234613,-0.03902649006622516,1.274388615122328,0.10370827469759115,0.867390728476821,13.204205375100205,1.0745429941500655,-0.8582582781456954,12.547786381716126,1.021124374056651,0.0,0.0,0.0,-0.029894039735099638,18.50722100118261,1.506096285468963
R:B:ALA:149,0.0,1.3601437270712615,0.11068692673605825,-0.4884437086092715,0.3030093543610733,0.024658551547874195,-0.18799337748344372,0.3362823530498803,0.0273662697800401,0.1695894039735099,0.08703173888603787,0.007082542465224274,0.0,0.0,0.0,-0.5068476821192054,1.4361288144410684,0.11687050545008495
R:B:ALA:150,0.0,1.4113639014364687,0.11485516541152345,-0.7208543046357615,0.38737727716223735,0.03152431573448254,-0.21420529801324503,0.3818192754754529,0.031072011971828958,0.28861589403973514,0.09810008324246425,0.007983271554720742,0.0,0.0,0.0,-0.6464437086092715,1.5157238543337561,0.12334785793409488
R:B:HISE:151,0.0,4.370024847167485,0.35562757851680993,-0.6469668874172186,1.2556047678356874,0.10217966688427235,-0.8937417218543047,2.777430334960451,0.22602407516317308,1.0569602649006622,2.2269179816577958,0.18122401521030787,0.0,0.0,0.0,-0.48374834437086095,5.7746812431910275,0.46993689487911494
R:B:VAL:152,0.0,2.7048174189340157,0.22011491986116982,-0.2650529801324503,0.8148088069949251,0.06630820032375671,0.15686754966887426,0.950663159892628,0.0773638707699542,0.062450331125827825,0.4957932051179501,0.040347078826214994,0.0,0.0,0.0,-0.04573509933774815,3.0215098887052365,0.2458869875491252
R:B:GLN:155,0.0,2.837329948677984,0.23089863659599097,-1.490655629139073,0.8499431220053905,0.06916739032999142,-1.8539139072847683,2.0936235705147976,0.1703766698696209,2.953132450331126,2.118446107721336,0.17239669929923077,0.0,0.0,0.0,-0.3914370860927153,4.200466416321418,0.3418291091058222
L:C:ASN:28,0.0,3.8664989586085747,0.3146512228366365,-0.26103311258278145,0.5942753336874147,0.04836144078871977,-0.2130596026490066,3.0145014630374285,0.24531664995686342,0.4279470198675497,2.2167195131604527,0.18039407561427998,0.0,0.0,0.0,-0.04614569536423881,5.413320777473989,0.4405297972334452
L:C:VAL:29,0.0,2.7330306904385786,0.22241088333462886,-0.05073509933774831,0.8465481049301281,0.06889110775867346,0.3464238410596028,1.0431211330707708,0.0848879939193288,-0.24580132450331127,0.5035084808781419,0.04097493906320309,0.0,0.0,0.0,0.049887417218543104,3.086700979592132,0.2511921632869709
L:C:TYR:30,0.0,3.457243099068878,0.2813464533188489,-2.284940397350993,0.9943251677769166,0.08091703458025515,-0.3722185430463576,2.357399996420909,0.19184249097945083,1.1826423841059601,1.8818646772961924,0.15314397553527537,0.0,0.0,0.0,-1.4745165562913907,4.694673768443807,0.3820471330455277
L:C:ALA:31,0.0,1.4886518718025559,0.12114477124010035,-0.5302913907284768,0.395639235454948,0.0321966643650282,-0.3503973509933775,0.3486354874751792,0.028371553602535793,0.19002649006622518,0.10030922716887453,0.008163049137828452,0.0,0.0,0.0,-0.6906622516556291,1.5824738368247677,0.1287798944715311
L:C:SER:32,0.0,1.8128739974681145,0.14752959363458876,-0.06412582781456953,1.096414222928138,0.08922492406514677,0.24836423841059602,1.6743906117466236,0.13625997553141836,-0.07357615894039735,0.3309297463144494,0.026930680821476653,0.0,0.0,0.0,0.1106622516556291,2.720612926646514,0.22140034004885603
L:C:GLY:33,0.0,0.30197756434254497,0.02457458566697883,-0.005569536423841061,0.2336867417459517,0.0190171573400692,0.4383642384105959,0.46135596594192396,0.037544616046875784,-0.17839072847682122,0.2714713012951226,0.022092021188155887,0.0,0.0,0.0,0.2544039735099337,0.657530179817754,0.05350904716294133
L:C:TYR:52,0.0,3.7829293535931336,0.30785042483007347,-1.3419470198675498,1.0256215177838885,0.0834638954239888,0.8230264900662251,1.3813222301650292,0.11241040887523399,-0.1480198675496689,1.0108240869538176,0.08225969758109117,0.0,0.0,0.0,-0.6669403973509934,4.2769463908648655,0.34805296116687917
L:C:PRO:53,0.0,2.197864954282913,0.17885971337330367,-0.11398675496688741,0.7281591401834795,0.05925675044300464,1.8671192052980128,1.0952280441768145,0.08912839420736011,-1.6002450331125828,0.8038342097045716,0.06541510026230163,0.0,0.0,0.0,0.1528874172185431,2.6844925025301376,0.21846090162167334
L:C:ASP:54,0.0,2.6821238430178203,0.2182681428442851,-1.5656158940397351,1.4491353610013893,0.11792896319801083,-34.73423841059603,4.493055340470561,0.3656396580695065,37.19211920529801,4.672470882724226,0.38024028783052666,0.0,0.0,0.0,0.8922649006622515,7.163331071940347,0.5829436152701892
L:C:SER:55,0.0,1.722266736443581,0.14015607930432564,-0.45016556291390725,1.1356084071395547,0.09241450154136695,-1.5682450331125832,2.5290514628408207,0.20581128920981775,0.9735033112582783,1.06159220963633,0.08639114881234185,0.0,0.0,0.0,-1.044907284768212,3.4320385322842606,0.27929533476308405
L:C:ASP:56,0.0,2.6027614257775933,0.2118097209232573,-0.11175496688741722,0.44197030811632143,0.035967033586459564,0.2064569536423843,3.7570049511627306,0.30574072688023335,-0.10561589403973468,3.676454766771995,0.2991856458393264,0.0,0.0,0.0,-0.010913907284767528,5.8822708750918675,0.478692414951549
L:C:TYR:57,0.0,3.402819931827644,0.27691755877978,-1.163066225165563,0.9567234867479585,0.07785705317507909,0.482271523178808,0.9277309372331388,0.07549767295652793,0.3281655629139073,1.243887893967575,0.10122616121159762,0.0,0.0,0.0,-0.35262913907284765,3.860368519092087,0.31415233474406523
L:C:TYR:59,0.0,3.877614163263332,0.3155557653631286,-0.17296026490066227,0.9588197213319088,0.07802764232620867,0.03750993377483441,1.6769775313431594,0.13647049606256134,-0.007172185430463548,1.2779000191092904,0.10399402870145846,0.0,0.0,0.0,-0.1426225165562913,4.516692258348438,0.36756320316650026
L:C:SER:100,0.0,1.6815743036186102,0.13684457608509745,-0.058403973509933794,0.9404404791901222,0.07653196081261401,-0.08479470198675504,3.700782086356819,0.3011653750304231,0.11436423841059604,1.292679179248378,0.10519673969661049,0.0,0.0,0.0,-0.02883443708609271,4.367943216738463,0.3554581778349534
L:C:SER:101,0.0,2.7506337335659334,0.2238433986682581,-0.1102384105960265,0.7883467534389511,0.06415474894583313,0.26024503311258274,3.6524397667124835,0.2972313328507445,-0.14963576158940398,1.5960070596492495,0.12988121252598528,0.0,0.0,0.0,0.00037086092715232115,4.90663136212632,0.39929599739430127
L:C:PHE:102,0.0,3.4701630504465286,0.28239786405075057,-0.46334437086092717,1.0278082216725528,0.08364184686272329,-0.04505298013245033,0.6871249515860599,0.05591743553344272,0.049218543046357595,0.3379109749995263,0.027498805154672432,0.0,0.0,0.0,-0.45917880794701993,3.6992899133941,0.30104394371686805
L:C:TYR:103,0.0,3.7294269077338065,0.30349645753443855,-5.651748344370861,0.7604016379677768,0.06188060770088623,-1.4679801324503312,1.3132539498683702,0.10687109078385185,3.4715430463576156,0.9549529141724625,0.07771296602234355,0.0,0.0,0.0,-3.648185430463576,4.138043827255141,0.33674923085094716
L:C:TYR:104,0.0,3.77381685940733,0.30710886057017084,-0.5448807947019868,0.7848176696629278,0.0638675561811367,0.40478145695364237,0.9202119312057448,0.07488578492387553,-0.30643708609271525,0.6723617095708201,0.05471601993683796,0.0,0.0,0.0,-0.44653642384105957,4.019513991739865,0.3271034096347096
L:C:VAL:105,0.0,2.6881952902807815,0.21876223021534869,-0.05709271523178809,0.8033623373855656,0.06537669983757956,-0.3605099337748344,1.0879228758747495,0.08853390804199997,0.39411258278145694,0.561587170744029,0.04570131581454393,0.0,0.0,0.0,-0.023490066225165286,3.0611666563604873,0.24911420953212643
L:C:TYR:106,0.0,3.416243012457017,0.2780099135895139,-3.3466688741721855,0.7382193446383064,0.06007543827082627,-0.8484900662251657,1.2825465830988427,0.10437216071622239,2.4582185430463577,0.6990283179331152,0.05688611774881858,0.0,0.0,0.0,-1.7369403973509936,3.788040449632306,0.30826635992690843
L:D:ASP:28,0.0,4.151312357607634,0.33782900853751846,-0.2507218543046357,0.936292372957058,0.07619439271479159,-0.9954966887417216,11.3255863984289,0.9216631499857061,1.3995231788079467,9.769260782575723,0.7950111675585828,0.0,0.0,0.0,0.15330463576158876,15.550479131021435,1.265480044518701
L:D:VAL:29,0.0,2.707600881999515,0.22034143487298172,-0.07617218543046354,0.780202894817002,0.06349201113019251,0.3778344370860928,0.994952528124949,0.0809680884413271,-0.32616556291390725,0.6136152405504726,0.04993530008860633,0.0,0.0,0.0,-0.024503311258278083,3.0506185094081206,0.24825581350700063
L:D:ASN:30,0.0,2.8815049368836823,0.23449354615280588,-0.368476821192053,1.0174380654839592,0.08279793552053011,0.5481456953642383,4.036115478347297,0.32845441945466675,0.0009933774834436522,2.6972450560719756,0.21949868971089426,0.0,0.0,0.0,0.18066225165562802,5.736166835565377,0.46680263683689865
L:D:THR:31,0.0,3.224361336393668,0.2623948042465119,-2.2061192052980134,0.4397733653461254,0.03578824891936294,-1.5507880794701983,2.3410402985237804,0.19051115764568421,2.9136953642384102,1.208038837315874,0.09830880635549884,0.0,0.0,0.0,-0.8432119205298014,4.186852535291161,0.3407212271796715
L:D:ALA:32,0.0,1.4413031227456394,0.11729158468812331,-0.14358940397350992,0.4160980114194637,0.03386157594107896,0.11915231788079468,0.40716049468925014,0.03313425114456677,-0.10743046357615893,0.06751984278546014,0.0054946868796850595,0.0,0.0,0.0,-0.13186754966887412,1.5559019391815578,0.12661750410856182
L:D:TYR:49,0.0,3.8974374433912367,0.3171689610214362,-0.2163973509933776,0.9005851143925414,0.07328857722337546,0.38815894039735105,1.9006137119814313,0.15466975033927013,-0.31398675496688744,1.1437696087300449,0.09307865070777152,0.0,0.0,0.0,-0.1422251655629139,4.574015038611019,0.3722280648667367
L:D:SER:50,0.0,1.8536279815552659,0.1508461058244955,-0.6426092715231787,0.6028041775342862,0.04905550825764431,-1.2228410596026489,1.525662475261668,0.12415665143481851,2.0893708609271524,1.1169175982476875,0.09089346508523707,0.0,0.0,0.0,0.22392052980132449,2.715595787328147,0.2209920510415226
L:D:TYR:52,0.0,3.4936203877259615,0.28430679508590107,-1.5784105960264903,0.8462133005608281,0.06886386176550523,-0.35747682119205304,1.80828391090153,0.14715605768732407,1.2390397350993378,1.3929771497014474,0.11335887277589834,0.0,0.0,0.0,-0.6968476821192052,4.25813766869934,0.3465223290646254
L:D:ARG:66,0.0,4.767632971162189,0.3879844687588641,-0.035271523178807954,1.286602596596304,0.10470223441350779,-50.93186092715232,9.488264980503455,0.7721440534896272,45.786741721854305,7.251448785595199,0.5901145331087513,0.0,0.0,0.0,-5.180390728476825,12.922706845689854,1.0516349687105457
L:D:TYR:91,0.0,3.6111480567777647,0.29387106115196443,-0.24156953642384107,1.2591222761416145,0.10246591765057186,0.2094370860927152,2.0192636395429995,0.16432534450763395,-0.17341059602649006,0.3954746247887527,0.03218326853899416,0.0,0.0,0.0,-0.20554304635761603,4.3427646746143305,0.35340917713602316
L:D:SER:92,0.0,1.673934278143943,0.13622283962949727,0.23664900662251653,1.050069969202967,0.08545348218395613,-2.708562913907285,2.2732273063998667,0.18499261461116617,1.2173046357615895,0.7477552389471586,0.06085145834408682,0.0,0.0,0.0,-1.254609271523179,3.1034502077046637,0.2525551961401013
L:D:ARG:93,0.0,4.856391168730132,0.3952075084390764,-1.6106490066225163,1.2166749368397978,0.09901160216763567,5.9368940397350976,6.22378062518136,0.5064840842696142,2.572887417218543,4.939211993949935,0.4019473716100543,0.0,0.0,0.0,6.899132450331124,9.391277521041316,0.7642513259740447
L:D:TYR:94,0.0,3.2384215224832262,0.26353900596329766,-4.917927152317881,1.0834606089696954,0.08817077391127102,-5.361218543046358,1.4571293883165848,0.11857950791483159,5.371688741721854,0.6009071486131039,0.04890113023344299,0.0,0.0,0.0,-4.907456953642384,3.761060529162188,0.30607076513719383
L:D:SER:95,0.0,2.921541131199473,0.2377516454395369,-0.7949205298013244,0.5550333876451179,0.0451679765098256,0.40513907284768214,2.8522529085851938,0.23211304985031014,0.9823708609271524,1.6834800333980426,0.13699966217510132,0.0,0.0,0.0,0.59258940397351,4.451170219175367,0.3622310952390806
L:D:PRO:96,0.0,2.7302135420147375,0.22218162704723213,-0.0949403973509934,0.7333232941980156,0.05967700333663926,1.5023112582781457,1.9121247637265955,0.15560650644512336,-1.3994503311258277,1.775290951889643,0.1444711287608657,0.0,0.0,0.0,0.007920529801324737,3.8470388761659025,0.3130675837867783

Backbone Energy Decomposition:
Residue,Internal,,,van der Waals,,,Electrostatic,,,Polar Solvation,,,Non-Polar Solv.,,,TOTAL,,
,Avg.,Std. Dev.,Std. Err. of Mean,Avg.,Std. Dev.,Std. Err. of Mean,Avg.,Std. Dev.,Std. Err. of Mean,Avg.,Std. Dev.,Std. Err. of Mean,Avg.,Std. Dev.,Std. Err. of Mean,Avg.,Std. Dev.,Std. Err. of Mean
R:A:GLU:4,0.0,3.1139607475107716,0.25341053173906786,-0.9133377483443708,0.5247589025386854,0.042704273852340185,-1.6878278145695371,2.1207794910514597,0.17258658734162513,2.3581920529801326,1.010465837438951,0.08223054364903529,0.0,0.0,0.0,-0.24297350993377567,3.9358442933031705,0.320294466141045
R:A:VAL:5,0.0,2.4107129144937987,0.19618103472256382,-1.072390728476821,0.6241354386217848,0.05079142166604838,-0.6524701986754964,2.159766950276183,0.17575934177701422,1.1477615894039737,1.2639961315969581,0.10286254638249961,0.0,0.0,0.0,-0.577099337748343,3.530348609138785,0.2872956953555958
R:A:VAL:6,0.0,2.6055243868159303,0.21203456750376062,-0.7281324503311258,0.9385150139366916,0.07637526867251335,-7.10849668874172,2.7971951990562998,0.22763251699221126,5.4686158940397345,0.9007047001099419,0.07329830897104089,0.0,0.0,0.0,-2.368013245033112,4.037962072642692,0.3286046931672293
R:A:ARG:7,0.0,2.5338905798815956,0.2062050909696603,-0.9992582781456953,0.48470985607576855,0.039445128672709016,-1.2340927152317882,1.9934039381756474,0.16222091185563198,1.340655629139073,1.1468315153231523,0.09332782513250214,0.0,0.0,0.0,-0.89269536423841,3.4560710207781122,0.28125107094026874
R:A:HISE:8,0.0,0.0,0.0,0.0,0.0,0.0,0.0,0.0,0.0,0.0,0.0,0.0,0.0,0.0,0.0,0.0,0.0,0.0
R:A:CYS:9,0.0,3.636804306453704,0.2959589371401275,-0.40354966887417215,1.6624862976260306,0.13529121618732584,16.136423841059607,8.819123694531177,0.717690107908474,-14.547834437086092,6.911624915540138,0.5624600587621753,0.0,0.0,0.0,1.1850397350993382,11.896962131812934,0.9681610477306895
R:B:GLN:43,0.0,2.602671136855512,0.21180237331498286,-0.08411920529801326,0.5901884248488594,0.048028852864233154,0.7302980132450333,3.245566969723182,0.264120494212961,-0.706635761589404,2.617647724700769,0.2130211507490071,0.0,0.0,0.0,-0.06045695364238423,4.950555927270751,0.40287052781140925
R:B:ARG:44,0.0,3.4673233658996785,0.2821667737996728,-0.04430463576158939,0.7177232900087663,0.05840749300003999,0.35813245033112545,2.6458411738948553,0.21531550110571696,-0.3088278145695364,1.470552720451407,0.11967188319178862,0.0,0.0,0.0,0.004999999999999583,4.65837513150661,0.37909319186466617
R:B:PRO:57,0.0,2.1496637261489,0.17493715305789811,-0.09262251655629139,0.7418654303446778,0.060372152517579825,-2.285615894039735,2.193041728048965,0.17846720478898076,2.2887284768211917,1.2836018504393392,0.10445803715448382,0.0,0.0,0.0,-0.08950993377483381,3.4100563314520413,0.27750644862951906
R:B:GLU:58,0.0,2.4642538015184883,0.20053813031587012,-0.33020529801324494,0.595142321605227,0.048431995264860736,-1.3829337748344366,2.0366470098574476,0.16573998312127827,1.5520927152317883,1.3720611210920162,0.1116567505073301,0.0,0.0,0.0,-0.16104635761589423,3.5294792737792844,0.28722494984735947
R:B:TYR:59,0.0,2.615297776188746,0.21282991465122805,-0.089682119205298,0.5865726927504651,0.04773460875906498,-0.4009006622516554,1.6261304117050734,0.13233261615023828,0.36578807947019865,0.721386956982389,0.0587056379900315,0.0,0.0,0.0,-0.12479470198675525,3.2169161070184527,0.26178892007266646
R:B:TRP:60,0.0,2.696697452463846,0.21945412636126652,-0.09113245033112582,1.0620958873668933,0.08643213752474911,0.29166225165562865,1.7426489035373585,0.14181475653889178,-0.3821920529801324,0.48170238540595256,0.03920038418059012,0.0,0.0,0.0,-0.18166225165562927,3.416004568672648,0.27799050930953534
R:B:ASP:61,0.0,3.072158031852632,0.2500086749842792,-0.6034768211920529,0.8465414507724771,0.06889056625100355,-0.6448609271523175,2.726031247517211,0.22184127674790521,1.2515761589403973,1.1610006063961715,0.0944808894111522,0.0,0.0,0.0,0.00323841059602726,4.351316602023475,0.35410512311860426
R:B:GLY:62,0.0,2.222554553701188,0.1808689244791312,-0.28966225165562914,0.621302754013053,0.05056090106185592,-0.3251390728476826,1.694660680666044,0.1379095303459304,0.20853642384105958,0.8576670361902258,0.06979595355200721,0.0,0.0,0.0,-0.4062649006622518,2.9888515225559327,0.24322928740366256
R:B:GLU:63,0.0,2.595242504407194,0.21119783977989343,-0.09063576158940398,0.9437412312242445,0.07680057220367743,-0.6746887417218544,2.231972681362536,0.18163536083853504,0.5664966887417219,0.764130320784792,0.06218404360517676,0.0,0.0,0.0,-0.19882781456953677,3.6320143674943957,0.29556913743579716
R:B:THR:64,0.0,3.030601470227939,0.24662684996064044,-0.3024701986754967,1.0155562237399938,0.08264479341128282,0.2201059602649005,2.221592151410043,0.1807906052914083,-0.02086754966887417,0.7309947742223287,0.05948751106841606,0.0,0.0,0.0,-0.10323178807947105,3.960520769049424,0.3223026092575898
R:B:ARG:65,0.0,2.8561915566272456,0.2324335724822885,-0.9634437086092714,0.9134512846926214,0.07433561131325439,0.06483443708609275,2.175139355313684,0.1770103303573216,0.43937086092715233,0.7218453591401488,0.05874294222857757,0.0,0.0,0.0,-0.45923841059602666,3.7741906940696524,0.30713928280353947
R:B:LYS:66,0.0,2.715110929211346,0.22095259384756316,-0.23279470198675498,0.6429848555716843,0.05232536546288775,-0.2565629139072853,2.0484248973450683,0.16669845401189134,0.20147019867549668,0.7204025349599001,0.05862552686198534,0.0,0.0,0.0,-0.287887417218544,3.535573681152359,0.28772090568568526
R:B:LYS:68,0.0,2.495428011937992,0.2030750515809397,-0.24617880794701988,0.9631928523244064,0.07838352267924757,-0.3612185430463578,2.5973459974758697,0.2113690196181328,0.43122516556291385,0.8621720123236787,0.07016256331045155,0.0,0.0,0.0,-0.1761721854304643,3.8268065332561307,0.31142109907139104
R:B:ALA:69,0.0,2.708062654700451,0.22037901340244145,-0.7460198675496689,0.7549945740827774,0.06144058708234113,-0.7162384105960267,2.36709868198512,0.19263175881719136,1.0258741721854303,0.6310275618238977,0.051352294697879226,0.0,0.0,0.0,-0.4363841059602643,3.728937127750318,0.30345659980464856
R:B:HISE:70,0.0,0.0,0.0,0.0,0.0,0.0,0.0,0.0,0.0,0.0,0.0,0.0,0.0,0.0,0.0,0.0,0.0,0.0
R:B:SER:71,0.0,2.925697877399766,0.2380899166479208,-0.11981456953642383,0.9039020111452234,0.07355850245300227,-0.007662251655628222,3.311364567923214,0.26947502681596586,0.06419867549668874,0.7196922381678498,0.058567723728818064,0.0,0.0,0.0,-0.06327814569536344,4.567257288017637,0.37167812692272184
R:B:GLN:72,0.0,2.901667070177026,0.23613431729063877,-0.9233112582781458,0.6899308259075835,0.056145774347404545,0.7205165562913917,1.6796966964229092,0.13669177857850073,0.8352450331125828,0.906503393844997,0.07377019997479455,0.0,0.0,0.0,0.6324503311258286,3.5410176116074004,0.2881639264631518
R:B:THR:73,0.0,2.7486502248068554,0.22368198301465717,-0.8667284768211921,0.9295509352299044,0.07564578229300338,0.2805496688741719,2.1329132167597673,0.1735740159359567,-0.2759999999999999,0.6518501012787231,0.05304680892694363,0.0,0.0,0.0,-0.86217880794702,3.659695389548582,0.29782178706326584
R:B:ARG:75,0.0,3.0193092982034186,0.2457079060338391,-0.13732450331125826,0.6972829259938215,0.056744079767195636,0.10884105960264912,2.0149443789845165,0.16397384806834206,-0.18253642384105961,1.1557710332060556,0.09405531278051064,0.0,0.0,0.0,-0.21101986754966928,3.8727560791637288,0.3151604200859289
R:B:VAL:76,0.0,2.977289275002124,0.2422883650419881,-0.3294105960264901,0.7167554029221452,0.058328727465991395,0.672973509933774,2.8081554127343464,0.2285244465318973,-0.7154304635761589,1.3335698300266798,0.10852437366411288,0.0,0.0,0.0,-0.3718675496688753,4.3637294884407485,0.35511526948924566
R:B:GLY:79,0.0,2.49358464154426,0.20292504022577376,-0.0824304635761589,0.7116417011343462,0.05791258031634057,0.28560927152317783,2.5457242817992194,0.20716810397417035,-0.29848344370860935,1.33087558696897,0.10830511927356402,0.0,0.0,0.0,-0.09530463576159046,3.8699276766201915,0.31493024795125996
R:B:THR:80,0.0,2.7931159860205477,0.22730055534327487,-0.08842384105960266,0.6012356770610674,0.048927865499376055,0.48600000000000015,2.503377745551761,0.20372199172745875,-0.4872317880794702,0.7714350582652131,0.06277849471076874,0.0,0.0,0.0,-0.08965562913907259,3.876208642059801,0.3154413856697294
R:B:HISE:145,0.0,0.0,0.0,0.0,0.0,0.0,0.0,0.0,0.0,0.0,0.0,0.0,0.0,0.0,0.0,0.0,0.0,0.0
R:B:LYS:146,0.0,2.929943605816687,0.2384354291263975,-0.595933774834437,0.758592642031289,0.06173339369937845,0.594980132450331,2.3953365578708494,0.19492972456679328,-0.21370198675496688,1.087162207517015,0.08847200572895231,0.0,0.0,0.0,-0.2146556291390726,4.009936560687206,0.3263240093491765
R:B:TRP:147,0.0,2.257034770057312,0.18367488469178583,-0.18482119205298014,0.8111915180531963,0.06601382952447478,-0.27929801324503306,1.9109559071120303,0.1555113862428342,0.22048344370860926,0.6657061920176273,0.05417440159964424,0.0,0.0,0.0,-0.24363576158940423,3.138017661713535,0.2553682556522535
R:B:GLU:148,0.0,3.00239491512188,0.24433143305994007,-0.11604635761589402,0.8700393360121712,0.07080279703236277,-0.5349139072847684,2.709137664745014,0.2204664964791743,0.47711920529801316,1.5785945180253889,0.12846419998484823,0.0,0.0,0.0,-0.1738410596026485,4.427497172380587,0.36030461001252645
R:B:ALA:149,0.0,2.326440619649743,0.18932305262873855,-0.9166688741721852,0.6484308770732642,0.05276855640730828,-1.9576490066225167,1.876502995081186,0.1527076480246583,2.97958940397351,1.2760727755581494,0.1038453297301302,0.0,0.0,0.0,0.1052715231788072,3.3139725071532538,0.26968725790062414
R:B:ALA:150,0.0,2.2166107858207424,0.18038522750885905,-1.2301258278145695,0.82102564341464,0.06681411929659994,-1.0117549668874177,1.6017818893615925,0.13035116150311263,1.7068741721854304,1.1998667232612774,0.09764376914535962,0.0,0.0,0.0,-0.535006622516557,3.097229706953913,0.2520489789682275
R:B:HISE:151,0.0,0.0,0.0,0.0,0.0,0.0,0.0,0.0,0.0,0.0,0.0,0.0,0.0,0.0,0.0,0.0,0.0,0.0
R:B:VAL:152,0.0,2.7635178504076134,0.22489189322697992,-0.13729139072847682,0.8461130579212155,0.06885570413518587,-0.9578609271523179,1.969467485955987,0.1602729909996033,0.9012847682119205,0.5514839258795189,0.0448791254078562,0.0,0.0,0.0,-0.19386754966887412,3.540603750075344,0.28813024688932015
R:B:GLN:155,0.0,3.050041880763118,0.24820888813337064,-0.12644370860927154,0.6740930165331922,0.05485691169929482,-0.42976158940397363,1.744525830786644,0.14196749871223396,0.48082119205298,0.7578283463059455,0.061671196195341185,0.0,0.0,0.0,-0.07538410596026478,3.657161610606575,0.2976155910572576
L:C:ASN:28,0.0,3.8528560932228477,0.3135409821970892,-0.11933112582781456,1.123368174363605,0.09141840552479293,-0.26331125827814517,3.7165930646436847,0.3024520541955964,0.27942384105960266,1.941633075317451,0.1580078587861695,0.0,0.0,0.0,-0.10321854304635665,5.804262152727225,0.47234415515716605
L:C:VAL:29,0.0,3.053473060521014,0.2484881135820651,-0.13537086092715228,1.0916783589509231,0.08883952492045002,-1.4819867549668877,2.5468633680779202,0.2072608015008855,1.0879801324503313,0.7482202481016621,0.06088930025240261,0.0,0.0,0.0,-0.5293774834437085,4.1906808427815,0.34103277042489805
L:C:TYR:30,0.0,2.5106704645339795,0.2043154647815378,-0.25531125827814566,1.3214543359303177,0.10753842873731992,-9.447496688741722,2.6840697411131074,0.21842649778547404,6.722172185430465,0.9014880610295203,0.07336205797858142,0.0,0.0,0.0,-2.980635761589405,4.00831870523915,0.3261923501400177
L:C:ALA:31,0.0,2.6159771296385563,0.21288519965091623,-1.1843841059602649,0.8630905574117981,0.0702373134496088,-0.2737615894039742,2.134982069582073,0.17374237679092555,0.1623576158940397,0.6868280447366057,0.05589327359670113,0.0,0.0,0.0,-1.2957880794701992,3.5522025355487616,0.28907414266472314
L:C:SER:32,0.0,3.0313725294214575,0.24668959786791192,-0.3776556291390728,0.7121868661207535,0.05795694521374701,-2.3166688741721857,2.335826791234569,0.19008688843951627,2.607304635761589,1.053800339224345,0.08575705539099046,0.0,0.0,0.0,-0.08701986754966815,4.032742428919119,0.32817992458511513
L:C:GLY:33,0.0,3.276336085101406,0.26662444931110074,-0.12595364238410592,0.7809073487092449,0.06354933877491688,-0.5523509933774835,2.1381679188521114,0.17400163752765974,0.10496026490066226,0.42271246615469704,0.03439985263353868,0.0,0.0,0.0,-0.5733443708609275,4.011812845591961,0.32647669924926215
L:C:TYR:52,0.0,3.2135250360905556,0.26151295863426677,-0.23968874172185428,1.059976971051168,0.08625970256046518,-0.16110596026490104,2.1137139561423304,0.17201160226521572,0.3091523178807947,0.8993695541489309,0.07318965633365633,0.0,0.0,0.0,-0.09164238410596068,4.089858997576876,0.33282800502294446
L:C:PRO:53,0.0,2.600039852973605,0.21158824246949817,-0.15849668874172185,0.4363095303973,0.03550636602891871,-1.2821854304635762,1.6577964784304255,0.13490956411381516,1.2046291390728476,1.5904602141031567,0.1294298166371856,0.0,0.0,0.0,-0.2360529801324498,3.4969166561283527,0.28457504160418884
L:C:ASP:54,0.0,2.6880464682943703,0.2187501192538534,-0.8343245033112583,0.8099906600374078,0.06591610508508763,-2.801317880794702,2.155822442945738,0.17543834232290878,3.652039735099338,1.4005676872247057,0.11397658195912805,0.0,0.0,0.0,0.016397350993378114,3.8066834563782903,0.3097835062995759
L:C:SER:55,0.0,2.9547934894699153,0.24045768397827785,-0.6847549668874172,0.6701137140869933,0.054533080658827164,-0.06544370860927202,2.5228232969201403,0.20530444825526162,0.4139735099337748,2.063524667572902,0.1679272558860421,0.0,0.0,0.0,-0.33622516556291354,4.450014426536854,0.3621370381680851
L:C:ASP:56,0.0,2.3590884980151725,0.19197989929045367,-0.20243708609271524,0.6511043576283365,0.05298612116935498,-0.024854304635761968,1.9164279541647868,0.1559566951165728,0.110158940397351,1.285803842582503,0.10463723273372495,0.0,0.0,0.0,-0.11713245033112603,3.3638107929986565,0.2737430400832168
L:C:TYR:57,0.0,2.544631559121415,0.20707917946378687,-0.14509933774834435,0.712682447115639,0.05799727502314942,-0.6928344370860928,2.6708954651509265,0.21735439041240515,0.6319801324503311,1.5149402489815562,0.12328408903490971,0.0,0.0,0.0,-0.20595364238410696,4.051147070380376,0.32967767306601437
L:C:TYR:59,0.0,3.0289415248741545,0.24649176552353036,-0.03066887417218549,0.9092939565924961,0.0739972927505337,0.015344370860926684,1.972752396076953,0.16054031319405754,-0.058132450331125844,0.5044045608976387,0.04104786102100329,0.0,0.0,0.0,-0.0734569536423842,3.761313366084286,0.30609134071410926
L:C:SER:100,0.0,2.7399853797801024,0.22297684792667594,-0.1264172185430464,0.8227799986021369,0.06695688669701697,-0.7547549668874168,2.515169011418901,0.20468155133515684,0.1828675496688742,0.5559853368122493,0.04524544503438043,0.0,0.0,0.0,-0.6983046357615895,3.849633964191999,0.31327876905529156
L:C:SER:101,0.0,3.229820714472905,0.262839082133807,-0.2042781456953642,0.6893548194524501,0.05609889960686803,-2.3537748344370857,2.546425601793091,0.20722517658586218,1.8786953642384105,0.7674528748914548,0.06245442922374124,0.0,0.0,0.0,-0.6793576158940398,4.24030885377316,0.34507144068257617
L:C:PHE:102,0.0,2.235433639831332,0.18191700964435428,-0.8202582781456954,0.9248515321733043,0.07526335029594587,-0.21685430463576152,1.9980032260645662,0.16259519659588878,0.7228079470198676,0.8541958548742069,0.06951347282267938,0.0,0.0,0.0,-0.31430463576158923,3.2517966363998774,0.26462745729730963
L:C:TYR:103,0.0,2.4427641509491678,0.1987893273542363,-1.0328079470198677,0.6514817627987224,0.053016833966549035,0.9137284768211922,1.3989659232451381,0.1138462322551033,0.4747748344370861,1.0270401295259508,0.08357934041030554,0.0,0.0,0.0,0.3556953642384108,3.0665032637320873,0.24954849648092656
L:C:TYR:104,0.0,2.587625682322046,0.21057799158935275,-0.6483046357615895,1.1044663310833178,0.08988019533369303,0.23594039735099373,2.4355990434584247,0.19820623917605415,-0.032662251655629145,1.0887189442679466,0.0885986911690776,0.0,0.0,0.0,-0.4450264900662246,3.877254723178861,0.31552651454389236
L:C:VAL:105,0.0,2.8726325463613738,0.23377152125192935,-0.1922185430463576,0.8520943457674482,0.06934245443697111,0.20757615894039577,1.905673261139027,0.1550814906103738,-0.2691258278145695,0.877401308713754,0.07140190587419641,0.0,0.0,0.0,-0.2537682119205319,3.6578007265645773,0.29766760157630145
L:C:TYR:106,0.0,2.386467116106764,0.1942079396324577,-0.26418543046357623,0.632426260697945,0.05146611919797882,-0.18535761589403985,1.6224793652447933,0.13203549820305693,0.22076158940397353,0.45354316012544466,0.036908818926468676,0.0,0.0,0.0,-0.22878145695364313,2.988867504627972,0.24323058800623984
L:D:ASP:28,0.0,4.881745062776714,0.3972707790750779,-0.14701324503311258,0.6125990206546309,0.049852601286325376,-3.8980066225165557,4.678950441946497,0.3807675868818275,3.9828344370860926,2.303069837988949,0.18742116538993708,0.0,0.0,0.0,-0.06218543046357601,7.169617865332685,0.5834552272607256
L:D:VAL:29,0.0,2.667896164189536,0.21711031076172907,-0.13301324503311263,1.121048545597333,0.09122963681293034,-0.2552317880794706,2.5576857232708887,0.20814151227616148,0.23446357615894037,0.780229624537439,0.06349418636399229,0.0,0.0,0.0,-0.15378145695364284,3.9401693251068153,0.32064643223760747
L:D:ASN:30,0.0,2.860581438365119,0.23279081599165366,-0.21894701986754966,0.8159985299049148,0.06640501860108525,1.8091390728476822,3.0037080191642977,0.2444382919514286,-1.668456953642384,1.4282058766031507,0.11622574591287907,0.0,0.0,0.0,-0.07826490066225082,4.46215347749063,0.3631249001247469
L:D:THR:31,0.0,3.2867375450724725,0.26747090811898316,-0.8753708609271524,0.7785029974669597,0.0633536754457365,-0.8989867549668873,3.4031051214329766,0.27694076718071814,1.7599602649006625,1.05767908671782,0.08607270338545822,0.0,0.0,0.0,-0.01439735099337705,4.910042782426408,0.3995736148411242
L:D:ALA:32,0.0,2.505498595307376,0.20389458403284944,-0.26988079470198684,0.7788426011008852,0.06338131199752103,-0.16703973509933775,1.8474858871798732,0.15034626927295772,0.18006622516556292,0.5740503778615326,0.04671555722569383,0.0,0.0,0.0,-0.25685430463576203,3.259886032981613,0.2652857630549736
L:D:TYR:49,0.0,2.75490857691093,0.2241912804859794,-0.06699337748344368,1.1150548001400957,0.09074187272513917,1.6710000000000005,1.9097590463011742,0.1554139870913712,-1.6115827814569537,0.3032971851039768,0.024681974881539632,0.0,0.0,0.0,-0.007576158940396549,3.5457068790121444,0.2885455336325591
L:D:SER:50,0.0,2.742420218444411,0.22317499228707435,-0.3432847682119205,0.8264146649040618,0.06725267164581607,3.1504503311258283,1.9800958937687343,0.16113791856091597,-3.1067086092715237,1.0054761799295753,0.0818244910796002,0.0,0.0,0.0,-0.29954304635761575,3.6243057196967747,0.2949418165747536
L:D:TYR:52,0.0,2.3557581127477705,0.19170887638106635,-0.06748344370860923,0.7453329973652962,0.060654339119719305,1.066761589403974,1.9571763913748192,0.15927275590802137,-1.0342913907284768,0.8015864738438018,0.06523218211211558,0.0,0.0,0.0,-0.035013245033111845,3.252414159473355,0.26467771061233175
L:D:ARG:66,0.0,2.985148179594772,0.2429279136275962,-0.04560927152317885,0.6877216900267177,0.055965997419033964,1.8706026490066223,2.6789965898754957,0.21801365059279715,-1.837112582781457,0.9759771793363434,0.07942389645679464,0.0,0.0,0.0,-0.012119205298013542,4.184928310045591,0.34056463594997943
L:D:TYR:91,0.0,2.4163639571808226,0.19664091005443615,-0.1535761589403974,0.6288962178190918,0.051178848382601005,-0.998092715231788,1.8047191444130457,0.1468659611046698,1.1293973509933775,1.1295705097953257,0.0919231444239691,0.0,0.0,0.0,-0.022271523178807213,3.2813512389197155,0.267032576740731
L:D:SER:92,0.0,4.4272413957663295,0.3602837952068558,-0.3561192052980133,0.5196438909782255,0.042288020114901854,-0.7673509933774831,2.525062583043707,0.2054866787755861,1.1050596026490065,1.2103543674634905,0.09849724152650555,0.0,0.0,0.0,-0.018410596026489884,5.264161366537247,0.4283913765197027
L:D:ARG:93,0.0,2.9875096532331153,0.24312008762685378,-0.46898013245033116,0.9561153153746791,0.07780756089062611,-0.5577417218543049,1.8671998717311808,0.15195057058338243,1.0025298013245034,0.5065519221906136,0.04122261080470677,0.0,0.0,0.0,-0.024192052980133084,3.685430861557847,0.2999161100734827
L:D:TYR:94,0.0,2.6241724148661816,0.21355212250437414,-0.9902185430463574,0.4716943608088386,0.038385942689367195,-0.7483245033112571,2.1823177377452847,0.17759449883486986,1.7126688741721854,1.3143864927694957,0.10696325581805176,0.0,0.0,0.0,-0.025874172185428704,3.687668503786106,0.30009820681550425
L:D:SER:95,0.0,3.6326125445074964,0.2956178163907535,-0.4300264900662252,0.7492756258616533,0.06097518567647507,0.45673509933774786,2.9996422034198265,0.24410742055859452,-0.4819602649006623,1.4600312970181306,0.11881566189580414,0.0,0.0,0.0,-0.4552516556291396,4.988670423954001,0.4059722415626793
L:D:PRO:96,0.0,2.11680446617533,0.17226310440487286,-0.07935099337748346,0.5721930898432653,0.046564413270305846,-1.9206490066225164,2.21186667055814,0.17999915688408044,1.7689867549668872,1.6045866348838438,0.13057940845669244,0.0,0.0,0.0,-0.23101324503311219,3.5036150640813863,0.28512015031262083

